32
36
34
36
36
34
34
26
26
20
12
8
2
4094
4092
4092
4092
4090
0
0
0
4
6
8
6
14
10
12
10
10
10
10
12
10
10
6
6
6
4
4
4
2
0
0
0
4094
0
4094
4094
4094
4094
4094
4092
4092
4094
4094
0
12
10
18
22
32
26
10
6
4078
4072
4078
4080
4078
4080
4080
4082
4080
18
90
158
3862
3714
3768
3840
3992
4066
4090
4090
2
6
10
12
16
18
20
26
28
32
30
36
40
44
44
52
56
56
60
58
58
54
48
42
34
26
20
10
6
8
10
8
10
12
12
12
12
10
8
14
12
14
12
16
16
16
18
20
20
18
18
18
16
14
14
12
10
10
10
4
8
6
2
2
0
2
0
0
0
0
4092
4094
4094
4092
4092
4092
4092
4
4
12
12
28
20
4
4092
4070
4070
4070
4076
4076
4076
4074
4074
4078
32
86
150
3792
3710
3824
3874
4008
4080
4084
4088
0
4
10
12
12
18
18
20
24
28
28
32
38
42
42
48
50
50
50
52
48
42
38
34
22
14
10
2
2
4094
2
0
2
4
2
2
4
4
2
2
4
4
4
4
4
4
4
6
6
4
4
4
6
2
2
0
4092
0
4094
4092
4092
4092
4092
4090
4088
4086
4086
4084
4084
4084
4084
4084
4084
4084
4084
4092
4092
4094
6
16
18
0
4086
4070
4060
4064
4066
4070
4070
4068
4070
4068
4088
68
142
3886
3722
3780
3846
3988
4062
4082
4082
4090
4094
2
4
6
8
8
8
12
16
16
18
20
22
24
28
30
34
30
32
28
24
24
16
8
6
2
4092
4090
4094
4090
4094
0
2
2
4
4
2
0
0
2
2
4
2
2
6
6
2
4
2
6
2
4094
2
2
0
4094
4094
4094
4092
4094
4094
4092
4086
4092
4090
4092
4086
4090
4088
4088
4094
6
4092
14
12
26
20
6
4092
4072
4068
4066
4074
4070
4070
4068
4072
4068
16
68
134
3934
3768
3826
3874
3974
4054
4074
4078
4084
4090
4090
0
0
2
4
8
10
8
12
16
16
20
24
28
30
34
34
34
32
30
28
20
20
12
4
0
2
4092
4092
4094
4092
2
0
0
2
2
2
4
4
6
4
6
6
4
6
4
2
2
2
4094
0
0
2
4092
0
4094
4092
4094
4094
4092
4092
4092
4092
4092
4090
4092
4092
4088
4092
4
8
8
16
24
30
12
2
4086
4068
4074
4072
4074
4076
4076
4080
4076
4090
70
122
4004
3720
3716
3846
3970
4044
4090
4088
0
4
8
10
14
14
18
20
24
22
30
30
36
38
42
44
48
50
52
52
48
46
38
34
26
18
8
0
0
4094
4092
4092
0
0
2
0
0
4094
2
0
0
4
2
4
6
6
10
10
10
10
10
8
6
8
4
6
2
4
0
2
2
2
4094
4094
0
4092
4094
4094
4094
4092
4094
4092
4092
4092
4092
4
10
4
18
20
32
14
2
4086
4072
4076
4076
4080
4082
4078
4076
4078
4086
68
116
4012
3728
3736
3852
3982
4052
4088
4090
4092
2
4
10
10
8
12
16
16
22
22
24
28
28
36
36
42
42
44
44
44
38
36
32
28
18
8
4
0
2
4
2
4
6
6
8
6
8
6
6
4
8
8
6
8
8
8
8
10
12
8
8
8
4
4
4
2
2
0
4094
4092
4092
4094
4092
4090
4092
4090
4090
4088
4090
4090
4088
4086
4086
4090
4088
2
6
2
12
18
28
8
4094
4082
4068
4072
4076
4080
4080
4076
4084
4076
4086
68
118
4014
3738
3746
3864
3984
4054
4094
4094
2
8
10
14
18
16
18
18
20
22
26
26
28
32
32
38
36
40
42
42
38
34
32
30
24
18
10
6
2
4
4
4
8
6
6
4
10
8
8
8
8
8
8
12
12
14
10
14
14
12
12
14
10
12
6
4
4
6
4
2
4
2
0
0
0
2
4092
4094
4094
4092
4092
4092
4094
4092
4092
6
10
2
18
26
28
14
4
4086
4074
4078
4078
4078
4076
4076
4078
4072
4084
52
112
4086
3778
3790
3866
3972
4036
4088
4086
4090
0
6
4
8
12
16
14
18
20
18
26
26
30
28
32
36
36
38
38
38
34
34
32
26
24
18
12
6
6
4
2
8
6
6
8
6
10
10
12
12
10
14
10
10
10
12
10
8
8
8
4
4
6
4
2
4
2
4
2
2
0
2
0
2
2
0
0
0
0
4094
0
2
8
18
10
26
20
40
20
10
0
4074
4076
4074
4080
4084
4078
4078
4080
4082
50
100
86
3752
3718
3858
3938
4026
4092
0
0
4
10
12
14
20
22
22
24
28
28
32
36
38
40
44
50
50
52
52
52
48
44
44
34
24
16
10
4
2
2
6
6
8
8
10
8
12
10
8
8
10
8
8
10
10
8
10
8
8
8
8
6
4
2
0
4094
4094
4094
4094
4092
4092
4090
4092
4088
4088
4088
4086
4086
4086
4086
4082
4084
4088
4
4092
10
12
26
6
4092
4082
4060
4064
4066
4070
4070
4070
4068
4070
4072
42
88
110
3746
3710
3852
3908
4020
4088
4086
4092
2
4
4
10
10
12
16
18
18
20
22
26
28
32
36
40
42
46
46
44
42
36
30
26
20
10
2
4094
4094
4094
4092
2
4
8
8
8
8
8
8
8
6
10
10
8
10
16
14
16
16
16
14
12
12
14
10
8
8
8
4
10
6
4
0
4
2
4094
0
0
4090
4092
4090
4092
4090
4092
4094
6
2
8
14
28
20
8
4094
4070
4068
4072
4072
4072
4074
4074
4076
4074
6
68
142
3900
3728
3780
3844
3992
4062
4084
4086
4090
4094
0
4
8
8
14
12
16
20
22
24
26
30
30
36
36
40
40
38
40
36
32
26
24
14
6
0
4094
4092
4094
0
4
2
6
6
6
8
10
10
8
10
8
14
12
14
12
12
12
12
8
8
8
8
6
0
4
0
4094
0
2
4094
4094
4092
4092
4092
4088
4092
4092
4090
4092
4090
4088
4090
0
8
0
16
12
32
16
6
4094
4066
4076
4074
4076
4080
4074
4078
4078
4078
46
98
120
3786
3756
3874
3936
4012
4088
4086
4094
2
4
6
8
14
12
14
18
16
18
20
22
22
28
28
30
28
28
28
28
26
22
18
14
12
4
4
2
4094
4090
4092
4092
2
4094
0
4094
4094
4094
4094
4094
4094
4092
4094
4094
4092
0
2
4094
4092
4090
4094
4092
4090
4092
4094
4092
4092
4092
4090
4092
4092
4088
4088
4090
4090
4090
4088
4088
4086
4088
4088
4090
4090
6
4094
12
8
30
18
4
4092
4072
4070
4070
4076
4074
4072
4070
4074
4072
30
88
146
3872
3780
3850
3916
3988
4078
4084
4086
4092
2
6
8
12
10
16
16
20
24
26
28
36
36
38
46
50
50
52
54
50
48
44
40
30
20
16
10
8
6
6
6
8
8
10
10
12
10
14
10
16
14
14
16
14
14
14
14
12
10
10
10
8
6
10
6
6
4
4
4
4
6
6
4
4
4
2
2
2
2
2
0
0
0
4094
0
4
12
10
16
20
36
26
14
2
4076
4076
4078
4080
4080
4084
4078
4080
4082
22
84
164
3836
3722
3790
3852
4010
4082
4092
2
4
6
12
16
18
18
22
26
28
28
34
32
36
40
42
46
46
54
50
52
52
48
44
38
32
24
14
8
8
4
4
6
8
6
8
8
8
8
6
6
8
8
6
10
10
10
10
10
12
12
12
8
12
12
6
10
8
6
4
4
4
0
4
0
2
0
2
0
2
2
2
0
0
0
0
2
12
12
10
20
28
32
12
6
4080
4072
4074
4078
4080
4080
4076
4078
4076
4
78
152
3876
3726
3788
3850
3994
4068
4088
4090
4092
6
8
12
14
18
18
20
24
26
30
30
34
38
36
40
42
46
48
48
46
42
38
38
28
18
16
8
2
4
4
6
2
6
10
6
8
10
8
6
8
10
8
10
14
12
10
12
14
14
12
12
8
6
4
4
0
4094
0
4094
4092
4090
4088
4088
4086
4090
4088
4086
4084
4084
4082
4080
4082
4078
4078
4080
4086
4094
4088
8
8
20
2
4090
4082
4058
4064
4062
4068
4068
4070
4070
4068
4074
48
94
42
3748
3736
3866
3946
4020
4082
4080
4090
4092
4094
0
4
8
6
12
16
18
20
24
28
24
26
30
30
32
32
36
26
28
22
16
12
16
6
2
4094
4092
4090
4090
4094
4094
4094
4094
4094
4090
4094
2
4
0
4094
2
4
2
4
4
8
4
4
2
0
4
4094
0
4090
4090
0
0
4092
4094
4092
4090
4092
4090
4092
4088
4090
4090
4090
4090
4088
4094
8
0
16
16
32
20
10
0
4074
4074
4072
4078
4076
4074
4072
4076
4072
30
94
138
3860
3788
3858
3926
3990
4078
4084
4090
4094
2
8
8
10
14
12
14
18
20
20
26
26
30
32
38
40
44
40
42
42
36
34
30
22
16
10
8
6
8
8
6
6
6
10
10
10
10
10
12
14
14
14
16
14
12
12
12
12
10
10
10
8
4
6
6
2
4
2
0
0
2
4094
4094
0
4092
4092
4090
4094
4090
4090
4090
4088
4088
4090
6
6
10
12
28
28
8
4
4082
4072
4076
4078
4082
4080
4080
4082
4082
18
86
164
3856
3718
3784
3844
4002
4076
4092
4092
6
10
10
14
18
18
20
22
26
26
28
32
38
36
44
46
48
52
56
56
52
50
48
42
30
24
14
6
2
4
2
2
4
4
8
4
6
4
6
4
8
4
8
8
8
10
10
10
12
10
12
14
10
12
10
6
4
8
6
4
0
0
0
0
0
2
0
4094
0
0
4094
4094
0
4094
0
8
12
8
24
28
36
14
10
4090
4074
4080
4076
4080
4082
4080
4082
4080
4086
72
110
4048
3730
3730
3862
3972
4044
4092
4092
4
8
10
12
16
18
18
20
24
24
26
30
36
36
40
44
46
48
52
52
48
44
38
34
26
18
12
6
0
0
4094
4094
0
6
0
4
4
2
2
2
4
4
4
2
4
2
6
4
4
4
6
4
0
6
0
0
4092
4094
4088
4090
4090
4088
4090
4086
4086
4088
4088
4088
4088
4090
4090
4092
4094
4
8
6
20
20
34
14
8
4086
4076
4078
4074
4082
4084
4080
4080
4078
4082
66
108
4066
3742
3746
3868
3976
4040
4092
4090
4094
2
8
10
10
14
12
14
16
18
22
20
26
30
28
28
32
32
34
34
32
26
24
20
18
10
4
2
0
4094
0
0
4094
4
8
8
6
6
6
8
10
10
10
10
12
14
10
12
12
10
10
8
8
2
6
8
4
4
2
0
0
4092
4094
4094
4094
4094
4094
4094
4092
0
4094
4092
0
8
12
6
22
30
38
24
18
2
4080
4086
4088
4080
4088
4084
4082
4078
4094
60
122
4094
3796
3808
3872
3972
4028
4088
4088
4090
2
4
4
10
8
12
14
16
14
20
20
22
26
28
32
32
36
34
38
34
36
32
28
24
22
12
8
8
4
2
6
4
6
10
10
14
12
14
16
16
18
20
20
18
18
20
18
18
18
14
14
12
14
12
10
10
8
10
6
8
4
6
4
6
6
2
2
4
2
0
2
4
14
10
22
22
40
34
16
8
4086
4076
4082
4084
4084
4086
4084
4088
4086
16
88
154
3926
3726
3762
3850
3996
4068
2
4
10
16
18
20
22
24
28
28
30
34
36
38
44
46
50
52
56
60
60
62
62
58
54
50
42
32
26
18
16
8
12
12
12
16
18
14
16
14
14
14
16
14
16
14
16
18
14
16
18
18
18
18
18
14
14
12
10
6
8
4
4
2
2
0
0
0
0
0
4092
4094
4092
4094
0
8
12
8
24
24
36
16
8
4086
4068
4074
4072
4076
4078
4076
4078
4074
4078
52
90
74
3732
3708
3858
3928
4024
4090
4088
4092
0
8
10
12
16
14
16
18
20
22
28
28
30
34
38
38
42
44
44
42
40
38
32
26
20
10
2
2
4094
4094
4094
2
2
2
2
4
0
2
2
2
2
2
4
6
8
6
8
6
8
10
8
4
6
6
4
4
6
2
2
2
0
0
4094
4094
4094
4090
4094
4092
4092
4090
4094
8
10
10
20
40
28
18
10
4080
4078
4076
4078
4080
4078
4076
4076
4076
10
76
144
3858
3722
3798
3850
3996
4068
4082
4084
4086
4094
2
4
2
6
8
10
14
14
18
20
20
24
28
30
32
34
28
32
32
28
22
20
16
12
4
4094
0
0
0
0
0
4
2
8
6
6
2
8
6
6
6
6
4
6
6
4
6
6
2
4
4094
4
2
4094
4092
4092
4090
4088
4088
4088
4084
4088
4084
4088
4084
4084
4084
4084
4082
4084
4092
2
4094
14
18
24
20
6
4092
4074
4070
4074
4072
4072
4070
4072
4066
4066
30
90
114
3828
3780
3856
3924
3982
4070
4076
4084
4082
4088
4088
4094
4094
2
2
4
6
10
12
12
18
20
20
24
24
26
26
24
32
28
24
18
16
14
4
2
0
4092
4090
4092
4090
4090
4094
0
4092
4094
4
4
4
4
6
4
2
4
4
2
2
0
4094
4094
2
0
4092
0
4092
4092
4090
4092
4092
4090
4092
4088
4092
4090
4092
4092
8
4
14
18
36
24
20
6
4082
4080
4080
4078
4082
4080
4080
4078
4084
46
108
138
3768
3712
3822
3876
4000
4086
4090
0
4
4
12
14
14
14
18
20
24
28
32
36
38
44
48
50
54
58
58
58
58
52
50
42
34
24
14
8
8
2
4
4
6
2
8
6
8
6
6
8
6
10
12
12
12
14
14
14
14
16
12
12
12
10
10
10
8
8
6
6
4
0
4
0
0
4094
0
4092
0
0
8
12
8
18
38
28
20
12
4084
4074
4080
4082
4082
4080
4080
4078
4078
8
82
142
3880
3700
3754
3836
3996
4066
4090
4090
2
4
10
14
16
18
18
20
24
26
28
34
36
36
40
44
48
52
54
50
46
48
42
36
30
20
12
6
2
0
0
0
4
4
2
6
8
4
2
6
4
4
8
8
10
10
12
12
14
12
12
12
12
12
12
6
8
6
6
2
2
2
4
4094
0
4094
4094
4094
2
4
12
8
20
36
30
26
10
4086
4080
4074
4080
4078
4078
4076
4076
4074
4086
64
112
3974
3710
3724
3842
3976
4046
4086
4088
0
0
8
8
12
10
16
20
20
18
22
26
26
30
32
36
38
40
40
40
36
34
28
22
18
8
4
4094
4090
4086
4090
4092
4094
4094
4094
4094
0
0
0
0
4094
0
2
4
2
6
6
4
4
6
4
4
4
4
2
4094
4094
0
0
4090
4094
4090
4088
4090
4088
4088
4084
4088
4086
4086
4086
4090
2
2
0
14
28
24
14
8
4084
4072
4072
4072
4072
4072
4068
4066
4066
4076
54
102
4040
3730
3752
3844
3966
4034
4078
4080
4086
4090
4092
0
2
6
4
8
10
10
14
18
20
18
20
24
26
28
28
30
28
22
22
20
22
14
8
4
0
0
0
4090
4092
0
4092
0
0
4092
0
0
0
2
4094
4
2
2
0
2
2
0
2
4092
4092
4094
4090
4090
4088
4090
4086
4084
4086
4086
4078
4084
4082
4080
4082
4084
4090
4088
2
8
20
14
4
4092
4070
4070
4070
4064
4062
4062
4064
4058
4062
28
100
50
3786
3776
3830
3936
3994
4072
4070
4080
4082
4086
4090
4094
4094
2
6
6
10
14
16
20
28
28
34
38
42
46
48
48
48
44
42
36
30
22
18
14
8
6
2
4
4
6
4
6
4
6
12
14
10
14
14
14
12
12
14
8
10
4
4
2
4
2
0
4094
4094
4092
4090
4094
4092
4092
4090
4092
4088
4090
4090
4092
4090
4092
8
2
14
20
30
22
4
4094
4078
4074
4074
4078
4076
4074
4078
4076
4082
62
92
38
3700
3668
3840
3918
4032
4094
0
6
10
18
18
20
26
26
30
36
36
38
44
46
52
56
60
62
66
68
70
72
66
64
58
50
40
30
20
16
12
12
8
10
14
12
14
12
10
10
12
10
14
12
12
14
16
14
16
20
16
20
18
20
18
20
16
16
12
8
12
8
8
8
4
2
4
2
2
2
8
14
10
22
28
40
30
16
4
4080
4080
4082
4082
4084
4082
4080
4082
4090
56
98
78
3720
3690
3856
3918
4032
2
2
6
10
16
14
22
20
20
26
24
28
32
36
36
40
46
46
52
56
54
56
52
52
46
46
34
32
22
14
12
10
10
8
12
10
14
12
16
10
14
14
14
14
16
16
20
16
18
22
18
22
22
20
14
18
16
16
12
12
6
6
4
8
4
6
4
4
0
4
4
2
6
4
4
2
6
16
10
22
22
42
26
14
6
4078
4076
4078
4084
4084
4082
4084
4082
4084
40
92
136
3754
3706
3852
3902
4018
4090
4084
4094
4
8
8
10
12
12
18
20
22
24
28
26
26
26
32
30
34
34
32
32
28
26
20
14
12
4
0
2
4092
4092
4092
0
2
6
6
2
2
2
2
4
2
2
6
6
6
12
10
8
6
6
4
6
6
2
2
0
4092
0
4092
4094
4094
4090
4088
4086
4084
4088
4086
4084
4084
4082
4092
4
4090
10
12
26
10
2
4090
4068
4074
4072
4074
4072
4072
4072
4072
4072
40
108
66
3784
3778
3852
3948
4008
4084
4082
4090
4094
2
4
8
10
12
12
16
16
20
20
28
28
30
36
38
38
44
44
42
40
38
34
26
20
16
8
2
2
0
4094
0
0
2
2
0
4
8
6
8
10
8
8
12
8
12
10
10
8
6
8
6
4
4
6
4
2
6
4
0
4
4
0
2
2
4094
4092
4092
4090
4092
4
6
6
16
22
24
8
4094
4080
4068
4070
4070
4076
4072
4072
4076
4072
4086
66
106
4006
3696
3694
3842
3964
4044
4088
4090
4094
2
8
10
8
14
14
16
16
22
24
28
30
34
38
38
46
48
50
50
50
44
40
36
28
20
12
6
0
4094
4094
0
2
6
6
4
4
4
4
6
2
6
6
6
8
6
8
8
8
8
8
8
10
6
6
6
2
2
4094
0
4090
4090
4090
4090
4088
4090
4088
4088
4086
4094
6
2
14
14
30
14
4
4090
4070
4068
4072
