# Orig_Sig
4092
4094
4092
6
4094
2
4094
4094
4094
4
4094
10
4092
4090
4084
4094
4086
4084
4082
4076
4080
4076
4078
4094
12
32
34
34
60
52
54
60
66
34
6
4074
4068
4074
4068
4068
4048
4060
4056
4058
4092
130
216
202
3832
3690
3648
3672
3752
3894
4038
4046
4050
4050
4056
4074
4070
4068
4076
4066
4078
4076
4078
4080
4086
4
10
18
22
32
58
76
86
114
124
148
170
196
212
222
234
224
222
194
164
122
86
64
52
24
6
4092
4086
4082
4082
4074
4060
4072
4062
4070
4068
4068
4062
4076
4086
4092
4090
0
0
8
0
0
4
4
8
8
8
2
4094
4094
4088
2
4092
4086
4082
4088
4078
4084
4076
4072
4080
4080
4068
4078
4072
4074
4082
4084
4082
4078
12
22
22
42
36
26
42
44
56
28
4094
4066
4062
4060
4052
4060
4044
4042
4034
4038
4038
4034
4052
3974
3982
130
396
536
194
4004
4094
4064
4064
4048
4044
4038
4048
4036
4036
4044
4032
4058
4050
4048
4052
4048
4064
4064
4068
4068
4070
4088
4090
4094
2
26
38
44
62
72
86
102
118
96
106
92
76
60
42
42
14
4088
58
4062
4076
4082
4068
4078
4082
4072
4080
4084
4082
4066
4070
4072
4070
4060
4066
4054
4060
4062
4068
4060
4068
4072
4076
4084
4078
4080
4084
4078
4088
4092
4080
4084
4084
4076
4090
4082
4076
4090
2
4086
4088
4082
4090
0
16
24
34
32
48
42
52
64
46
32
4
4082
4070
4066
4052
4056
4052
4054
4060
108
194
266
3894
3546
3308
3350
3576
3792
3798
3904
4058
4058
4072
4078
4076
4088
4080
2
10
14
16
18
34
36
42
60
60
84
98
106
134
148
170
196
228
250
276
282
298
300
284
264
212
190
150
110
100
56
46
26
16
16
2
4
4082
0
4090
4094
4094
4090
4092
4090
2
4088
4080
0
20
24
18
28
18
10
22
24
20
20
14
12
4
6
6
4088
4082
4084
4092
4088
4084
4072
4090
4086
4070
4090
4080
4078
4086
4084
4082
4076
4080
4088
16
24
24
32
46
46
48
56
50
8
0
4064
4054
4046
4056
4040
4038
4034
4036
4026
4028
4058
4042
3956
4062
208
438
540
28
4036
4062
4072
4054
4048
4042
4048
4034
4038
4052
4044
4050
4052
4048
4048
4052
4046
4038
4048
4080
4072
4076
4086
4082
4088
14
36
34
44
58
80
78
88
98
98
84
80
70
52
22
2
6
4080
4076
4078
4072
4064
4064
4050
4070
4052
4062
4052
4054
4064
4060
4058
4038
4054
4046
4050
4056
4056
4054
4066
4048
4058
4046
4066
4054
4074
4052
4088
4068
4062
4088
4066
4062
4066
4064
4034
4042
4048
4046
4054
4060
4060
4050
4070
4060
4092
4094
2
2
6
32
14
30
32
4086
4074
4052
4020
4024
4062
46
156
230
4054
3634
3300
3224
3424
3806
3894
3882
3880
3892
3942
4042
4038
4044
4044
4048
4036
4042
4052
4074
4074
4082
8
6
10
30
26
40
62
90
102
114
156
168
190
206
220
238
224
200
178
152
128
104
62
54
44
14
2
4078
4072
4066
4064
4058
4056
4058
4072
4066
4060
4072
4086
4046
4054
4084
4080
4094
4090
4084
4066
12
4090
4086
2
4074
4092
4086
4074
4072
4074
4074
4070
4068
4066
4076
4068
4052
4074
4064
4064
4068
4070
4070
4068
4076
4072
4062
4062
4074
4048
4070
4064
14
20
30
36
44
50
32
36
46
24
4090
4056
4052
4046
4056
4034
4044
4072
4026
4026
4032
4032
4048
3990
4010
140
370
474
218
3910
4044
4042
4036
4032
4028
4038
4030
4052
4044
4044
4008
4036
4068
4068
4076
4074
4074
4090
4074
4084
0
8
14
30
24
46
58
80
84
112
120
108
136
134
130
118
106
76
50
38
56
30
26
16
4078
4080
12
4088
2
4084
4078
4078
4080
4090
4068
4076
4080
4090
4054
4064
16
4074
4076
4074
4060
4080
4092
4090
4076
4092
4082
4080
4082
4076
4084
4088
4084
4068
4078
4072
4066
4068
4076
4078
4066
4068
4070
4072
4082
4
28
0
24
16
24
8
28
14
4092
4086
108
192
242
3926
3602
3318
3298
3516
3878
3906
3892
3876
3916
4040
4042
4024
4058
4054
4092
4048
6
4042
4074
4072
4086
4094
14
34
14
34
64
92
92
118
126
156
200
162
232
206
230
230
202
178
142
106
88
56
24
20
4094
4078
4070
4072
4058
4056
4078
4058
4078
4066
4082
4088
4080
4078
4090
4090
4070
4082
2
4088
4076
4094
4080
4090
4066
4072
4092
4082
4068
4074
4076
4058
4060
4072
4076
4074
4066
4074
4060
4070
4066
4076
4074
4080
4074
4068
4070
4068
4070
4078
4056
4046
4070
4066
4084
2
18
26
42
26
40
52
44
40
40
6
4088
3994
22
4092
4044
4056
4050
4028
4034
4034
4038
4052
3996
4038
174
410
502
114
3976
4030
4042
4064
4042
4028
4034
4034
4044
4058
4046
4044
4052
4054
4048
4068
4044
4058
4048
4054
4060
4054
4088
4086
8
12
20
40
68
70
70
76
102
112
98
112
86
86
56
30
28
14
12
4090
4080
4080
4072
4066
4072
4070
4068
4076
4074
4064
4058
4074
4052
4058
4058
4072
4058
4058
4072
4066
4070
4068
4076
4066
4074
4074
4064
4064
4068
4080
4074
4070
4076
4072
4088
4076
4080
4072
4070
4064
4064
4092
16
16
20
20
20
22
16
54
52
16
36
150
238
248
3820
3538
3314
3390
3604
3910
3918
3896
3878
3934
4030
4066
4066
4054
4084
4072
4086
4088
4080
4092
4
6
16
26
42
52
82
90
106
124
150
168
190
210
230
242
258
258
238
214
190
146
114
96
68
44
38
12
4
4088
4078
4082
4084
4074
4074
4082
4082
4086
4088
4
6
2
12
6
6
12
10
12
8
2
6
2
4
2
4086
4082
4088
4082
4080
4068
4076
4062
4070
4058
4058
4060
4052
4058
4060
4062
4050
4068
4056
4060
4050
4062
4062
4052
4062
4088
2
14
6
20
18
24
20
30
20
4082
4060
4046
4048
4040
4046
4034
4044
4036
4040
4030
4042
4038
3968
4032
180
418
520
36
4006
4052
4062
4046
4038
4028
4030
4032
4026
4038
4054
4038
4048
4040
4040
4044
4040
4056
4054
4066
4056
4070
4080
4088
4082
0
22
30
52
62
60
82
90
94
114
100
80
70
52
38
10
4
4094
4080
4078
4082
4078
4078
4076
4072
4072
4080
4072
4080
4064
4062
4064
4058
4054
4056
4066
4048
4054
4060
4056
4050
4060
4072
4068
4080
4080
4078
4072
4070
4082
4066
4066
4078
4066
4080
4062
4076
4084
4068
4090
16
22
28
14
40
32
36
54
58
10
4082
4060
4068
4068
80
200
276
4058
3720
3364
3230
3426
3792
3872
3892
3868
3930
4000
4074
4086
4058
4092
4088
0
4094
22
10
20
36
48
54
58
80
78
98
128
132
160
196
222
230
264
292
276
288
270
242
220
184
140
114
82
56
50
28
4094
22
4082
4080
4074
4084
4080
4084
4072
4080
4078
6
4082
6
4072
4090
4088
0
4
12
6
8
10
6
14
4078
4090
4094
4076
4080
4082
4088
4080
4066
4086
4068
4084
4054
4072
4072
4082
4076
4078
4084
4070
4066
4088
4066
4084
14
12
60
24
36
42
36
44
12
0
4094
4058
4050
4058
4024
4060
4050
4036
4024
4068
4038
4036
4008
4036
170
410
516
74
4010
4058
4068
4050
4050
4034
4044
4048
4044
4054
4050
4042
4066
4054
4062
4066
4062
4066
4068
4068
4076
4078
4086
4084
10
28
32
44
40
68
82
94
90
106
120
100
70
98
38
56
20
8
32
4094
10
8
4082
18
4076
4088
4090
4078
4090
4090
4084
4080
4070
4082
4078
4070
4064
4066
4076
4068
4072
4082
4076
4076
4080
4090
4092
4074
0
4092
4082
4090
4088
4090
4078
4086
4084
4088
4076
4090
4
22
24
26
42
34
20
54
54
16
4084
4070
4056
4050
4054
4052
4042
4054
62
186
252
28
3722
3346
3204
3464
3698
3784
3830
3972
4050
4058
4058
4070
4072
4084
4090
4084
4086
2
10
24
32
32
40
48
62
74
88
108
126
148
176
206
234
252
268
276
278
276
244
210
172
136
114
68
42
28
20
12
4
4084
4092
4068
4080
4064
4070
4086
4090
4090
4090
4084
4
4
8
6
12
8
8
14
12
6
8
8
6
4
12
4090
4094
4090
4094
4086
4088
4090
4086
4084
4068
4092
4078
4086
4078
4078
4086
4088
18
8
22
24
38
36
42
58
60
18
4086
4076
4068
4064
4058
4046
4038
4074
4042
4040
4044
4046
4028
3930
4072
252
448
536
4038
4074
4066
4060
4074
4048
4044
4022
4068
4042
4042
4048
4036
4052
4058
4046
4034
10
4056
4050
4060
4068
4052
4070
4
4074
8
18
24
42
60
76
76
94
102
100
100
86
82
46
36
18
4092
4090
4080
4076
4074
4072
4064
4074
4056
4068
4062
4084
4024
4072
4084
4036
4046
4042
4032
4026
4044
4046
4038
4040
4036
4042
4052
4038
4060
4052
4058
4052
4060
4056
4058
4062
4048
4054
4046
4054
4054
4050
4054
4042
4058
4058
4072
8
2
6
14
10
16
16
22
18
4088
4070
4032
4032
4026
4022
4040
4026
4050
92
180
274
3916
3548
3208
3174
3426
3752
3712
3820
3978
4028
4030
4048
4050
4054
4054
4066
4060
4072
4076
4086
4084
6
14
24
26
50
56
82
94
112
132
222
204
220
246
266
272
270
254
238
196
162
122
76
66
38
16
0
4082
4074
4072
4062
4062
4062
4058
4064
4066
4052
4082
4076
4074
4078
4078
4094
4090
4088
4092
4082
4082
4094
4080
4082
4084
4080
4076
4070
4070
4058
4066
4066
4054
4058
4066
4048
4064
4062
4066
4060
4056
4068
4056
4052
4064
4062
4056
4060
4080
4072
4074
4070
4
16
18
10
14
36
34
44
22
24
4090
4070
4062
4058
4054
4054
4046
4040
4046
4034
4036
4032
4054
4018
3926
24
334
492
496
3978
4094
4082
4064
4060
4038
4058
4046
4040
4056
4056
4044
4064
4056
4068
4074
4064
4056
4080
4080
4084
4086
4078
2
4
10
22
34
38
52
68
76
90
90
92
102
98
88
74
46
34
14
4076
4082
4078
4076
4076
4078
4076
4072
4068
4068
4066
4068
4056
4050
4064
4056
4060
4066
4048
4062
4010
4068
4060
4060
4044
4062
4078
4076
4068
4068
4080
4088
4084
4078
4072
4072
4092
4090
4080
4088
4078
4086
4062
4064
4076
4082
4066
4064
4088
4
22
26
16
54
30
50
70
212
266
294
3888
3592
3316
3330
3508
3892
3864
3820
3856
3896
4002
4068
4078
4082
4076
4080
4072
4064
4086
0
4094
2
36
10
24
34
44
58
92
116
134
146
188
230
250
286
288
282
292
266
234
190
142
116
72
58
20
4
4092
0
4068
4074
4030
4086
4044
4056
4054
4050
4076
4086
4088
4082
4078
6
4086
4072
4088
16
20
4086
4074
4086
4074
4062
4074
4068
4078
4060
4072
0
4076
4060
4060
4074
4058
4062
4058
4066
4062
4066
4058
4056
4060
4070
4064
4070
4052
4072
4052
4062
4064
4048
4054
4046
4036
4058
4042
4050
4062
4088
6
18
20
32
38
48
62
36
20
4090
4070
4070
4074
4052
4052
4052
4044
4042
4060
4064
4048
3958
4088
250
458
554
14
4064
4086
4082
4074
4072
4078
4064
4064
4052
4066
4074
4074
4066
4072
4070
4074
4076
4090
4078
4088
4080
4092
4094
18
18
26
38
52
72
78
84
102
116
118
126
116
108
78
72
58
32
26
12
8
8
4092
4086
4080
4090
4080
4080
4076
4068
4078
4070
4076
4068
4066
4070
4072
4064
4082
4062
4082
4084
4086
4080
0
4094
4086
4090
4090
4082
4086
4084
4082
4068
4084
4082
4078
4074
4074
4066
4076
4072
4058
4054
4074
86
190
248
3924
3534
3258
3318
3556
3904
4008
3952
3964
4068
72
26
24
16
4094
14
4
10
12
14
20
24
20
54
58
74
92
106
144
160
170
196
230
250
268
286
302
296
288
258
222
188
158
122
92
68
30
16
18
12
4078
20
8
38
8
24
4092
4092
2
10
14
4
4088
4
4094
4094
4080
4088
4082
4082
4048
4038
4066
4036
4058
4058
4058
4074
4052
4060
4050
4046
4034
4042
4032
4034
4030
4038
4022
4022
4038
4030
4024
4026
4020
4022
4028
4034
4026
4048
4034
4048
4034
4040
4022
4052
4046
4046
4052
4034
4054
4032
4026
4044
4046
4048
4046
4032
4044
4060
4042
4050
4036
4056
4066
6
4072
2
6
0
4090
6
30
4092
4062
4038
4028
4020
4022
4018
4026
3978
4038
4008
4002
4004
3944
4032
128
388
498
26
3980
4030
4014
4038
4014
4010
4016
4022
4038
4020
4014
4026
4040
4014
4034
4018
4020
4036
4048
4028
4062
4040
4058
4056
4062
8
4092
0
40
46
42
80
94
94
82
100
100
62
72
40
20
22
12
4088
4094
4084
4082
4072
4074
4074
4076
4078
4046
4082
4066
4076
4064
4054
4066
4072
4090
4074
4074
4078
4080
4088
6
4
4088
4080
4078
4068
4080
4074
4072
4090
4046
4062
4076
4082
4070
4072
4046
4042
4042
4052
4054
4064
4052
12
4088
28
42
34
18
34
44
34
40
4088
4060
4054
4070
4082
4042
4046
4054
4052
4028
4030
4050
4030
3950
56
276
482
456
3996
4000
4086
4056
4060
4028
4058
4042
4040
4050
4052
4064
4086
4036
4076
4062
4094
4064
2
4082
4088
4058
4074
4076
22
44
12
54
60
56
70
86
120
96
110
116
120
74
86
66
30
40
42
4076
36
4078
34
4086
20
4
4078
2
4066
4092
4084
14
4058
4072
4068
2
4068
4078
18
4088
4094
4090
4088
28
4076
4080
10
4090
16
4076
0
4076
4090
4058
4094
4062
36
4092
4088
4086
4084
8
4054
14
4088
28
14
38
66
30
48
46
48
62
18
4082
14
4064
4054
4060
4076
4042
4050
4070
4060
4072
4028
3960
4074
208
426
510
62
4042
4040
4086
4
4048
6
4062
4074
4078
4048
4078
2
4066
6
4070
4082
4064
4070
0
14
4058
22
4076
2
18
2
0
40
32
60
88
84
106
106
124
116
116
106
106
52
48
42
22
16
14
2
22
4092
2
12
36
4080
20
24
10
30
4
26
22
18
26
10
20
20
56
4094
22
2
60
18
48
20
26
20
22
22
32
18
4086
34
38
14
36
8
16
6
48
46
98
54
78
58
80
94
60
78
42
4092
4080
16
4082
4072
4056
4088
4072
4074
4092
4020
4030
3972
40
232
460
484
4042
4026
4092
4082
4090
4030
4092
4066
4054
4078
0
4070
18
4070
4072
4060
18
16
6
14
4072
16
12
10
48
46
70
56
74
108
80
136
108
84
160
130
126
90
126
70
66
66
34
34
32
64
4092
20
20
22
0
16
12
4
4090
10
4080
4084
4088
4092
4078
0
4082
4078
4082
4080
4076
4076
4062
4084
4072
4062
4072
4092
4090
2
10
2
4088
8
4092
4088
6
16
10
32
48
40
50
40
38
38
50
70
42
28
4074
4076
4082
4054
4070
4058
4052
4038
4056
4038
4036
4054
4010
3996
132
364
490
200
3970
4066
4064
4050
4030
4034
4044
4034
4032
4042
4042
4040
4034
4060
4034
4054
4050
4060
4058
4046
4068
4066
4082
4082
4078
0
12
26
30
56
58
74
88
96
92
92
80
66
44
44
8
4094
4088
4078
4080
4074
4068
4064
4076
4068
4062
4070
4060
4068
4054
4056
4062
4052
4052
4052
4048
4044
4052
4044
4042
4058
4058
4056
4064
4058
4058
4062
4056
4062
4056
4056
4062
4058
4066
4050
4062
4052
4046
4048
4052
4042
4040
4042
4052
4052
4076
4070
4074
4080
22
4086
10
10
22
4084
4058
4034
4026
4018
4016
4012
4014
4004
3998
4004
4018
4012
4010
3942
3992
142
386
490
4066
3978
4018
4018
4034
4024
4024
4020
4016
4020
4016
4036
4026
4026
4016
4020
4030
4030
4032
4034
4046
4050
4062
4060
4072
4084
8
14
30
40
66
66
76
84
104
100
94
72
52
48
28
2
4084
4074
4074
4054
4064
4056
4060
4056
4068
4054
4070
4060
4056
4054
4050
4050
4052
4042
4048
4044
4034
4046
4064
4044
4052
4050
4056
4046
4056
4052
4034
4040
4060
4068
4062
4058
4066
4060
4050
4050
4052
4048
4058
4050
4048
4064
4046
4064
4074
4088
8
10
12
30
14
22
42
38
0
4076
4042
4046
4034
4030
4032
4026
4018
4032
4020
4028
4028
4034
3962
4012
180
404
496
10
3962
4040
4034
4038
4016
4018
4016
4038
4032
4024
4026
4034
4032
4030
4038
4034
4030
4052
4042
4046
4054
4072
4072
4070
4092
22
18
38
48
58
76
90
96
102
110
98
90
70
46
30
16
4
2
4078
4080
4082
4080
4082
4084
4068
4082
4066
4088
4058
4082
4082
4078
4088
4066
8
8
4092
4074
4070
4068
4072
4080
4068
4094
4068
4088
4092
4088
4082
4094
4078
4088
4088
4092
4094
4076
4086
4052
4066
4070
4068
4070
4054
4070
4054
4066
4072
4074
4076
4060
4084
16
16
42
20
36
30
46
60
18
4
4088
4060
4076
4054
4044
4048
4036
4048
4048
4042
4052
4036
3986
3968
118
356
474
166
3972
4044
4046
4016
4034
4018
4040
4044
4042
4024
4026
4004
4030
4032
4010
4062
4012
4044
4060
4056
4052
4050
4076
4072
4080
4076
0
30
20
38
54
76
80
74
84
60
94
56
68
16
4088
4072
6
4082
4052
4062
4064
4066
4066
4072
4060
4034
4074
4052
4058
4060
4056
4040
4054
4066
4054
4068
4046
4078
4050
4062
4064
4080
4058
4058
4076
4066
4058
4092
4090
4060
4064
0
4050
4078
4070
4054
4088
4062
4076
4034
4064
4068
4058
4068
4094
28
10
8
40
4094
42
10
40
18
6
4074
4082
4076
4066
184
222
234
3794
3572
3310
3382
3560
3918
3898
3934
3960
3924
4016
4056
4076
4070
4090
4090
4090
6
34
18
14
58
26
40
46
64
114
126
84
142
142
192
174
222
238
260
272
264
246
244
190
174
134
128
96
58
58
4088
4078
24
10
4080
4070
0
4088
4080
4070
16
4086
4072
4080
4086
4078
4094
4082
4084
10
6
4076
0
4080
4072
4082
4064
4088
4060
4066
4072
0
4056
4060
4064
4048
4052
4062
4058
4022
4064
4060
4046
4064
4052
4044
4040
4038
4078
4052
4024
4054
4044
4066
4076
4088
0
2
4
12
14
12
28
6
4082
4060
4066
4064
4048
4044
4070
4022
4036
4028
4038
4050
4032
3956
4082
224
420
488
4074
4004
4070
4066
4064
4058
4060
4060
4048
4058
4048
4070
4066
4066
4062
4050
4080
4050
4062
4080
4074
4072
4090
4
4088
8
26
34
38
56
60
80
86
96
108
94
90
116
82
66
34
26
10
6
4094
4
4070
4074
4080
4080
4068
4070
4072
0
4074
4094
4070
4086
4066
4042
4072
4064
4070
4066
4072
4074
4072
4078
4068
4078
4070
4088
10
4078
4092
4086
4090
4080
4074
4084
4082
4078
4076
4078
4080
4070
4078
4078
4074
4068
4072
4072
4068
12
30
10
30
32
30
32
126
254
300
82
3700
3384
3272
3496
3772
3888
3898
3868
3906
3968
10
4054
4058
4070
4088
4074
4080
4084
8
20
10
24
26
60
52
80
94
118
140
150
188
212
232
254
264
284
296
272
272
244
206
188
154
130
100
68
52
38
12
22
16
6
12
4
4
6
4
16
28
20
18
24
34
34
40
28
22
34
16
34
10
0
6
18
2
4092
4
4086
4086
4088
2
4086
2
4076
4076
4066
4064
4062
4066
4066
4056
4064
4058
4056
4064
4066
4054
4060
4060
4076
4058
4044
4060
4062
4054
4062
4058
4050
4064
4070
14
4
8
20
24
20
30
36
26
4090
4060
4048
4054
4038
4026
4018
4024
4036
4040
4024
4038
4018
3932
6
252
438
498
3972
4024
4036
4036
4038
4020
4034
4018
4018
4032
4012
4046
