# Orig_Sig
4087
4091
4095
3
11
17
25
29
37
45
47
47
47
47
37
21
7
4093
4085
4079
4075
4073
4069
4071
4069
4073
4073
4069
4077
31
109
85
4035
4009
4005
4057
3
11
3
4091
4089
4085
4079
4077
4079
4077
4075
4075
4075
4075
4073
4073
4079
4083
4087
4095
3
11
15
23
33
39
41
43
45
37
25
13
3
4093
4087
4079
4079
4073
4073
4071
4071
4073
4073
4077
27
101
105
4059
4005
3989
4013
4063
4091
1
4091
4083
4081
4079
4075
4073
4073
4069
4073
4069
4071
4071
4069
4071
4073
4087
3
11
19
23
23
23
27
33
37
29
27
19
13
3
4091
4085
4081
4079
4081
4081
4081
4083
4087
4091
4091
1
3
3
5
3
3
4095
4089
4085
4085
4085
4085
4087
4085
4083
15
61
83
4089
4043
4049
4045
4065
4083
4093
1
3
5
9
11
11
9
11
15
17
15
13
11
11
9
9
9
11
13
11
13
13
13
11
15
21
23
21
19
13
9
7
4095
4095
3
3
5
1
4093
4091
4091
4089
4085
4083
4081
4077
4079
4079
4079
4081
4077
4073
4073
4069
4075
4075
4079
4083
4093
1
4089
4089
4087
4083
4083
4083
4081
4081
4079
4083
4083
4083
4075
1
51
123
99
4035
4011
4003
4007
4045
4081
1
4095
4091
4091
4089
4089
4089
4087
4089
4085
4085
4087
4085
4085
4087
4087
4091
4091
4093
3
3
3
11
15
19
27
35
41
45
43
31
19
15
5
4095
4087
4083
4081
4079
4077
4075
4075
4075
4073
4071
4073
4075
4075
4079
4083
4085
4089
4085
4085
4085
4089
4093
4089
4083
4087
4085
4085
4081
4083
4071
4085
57
139
55
4017
3981
3989
4037
4065
4075
4077
4073
4075
4085
4091
1
4093
4093
4091
4089
4091
4091
4089
4087
4087
4087
4091
4093
5
3
3
7
11
15
19
29
35
33
27
19
7
1
4089
4083
4079
4073
4073
4071
4071
4071
4069
4069
4069
4071
4069
4075
4079
4083
4087
4091
1
4095
4093
4091
4087
4085
4085
4079
4077
4073
4071
4073
4075
4075
4073
4071
4073
4067
4095
71
143
49
4021
4003
4021
4063
4085
4089
4087
4085
4085
4079
4077
4077
4079
4081
4079
4079
4079
4077
4077
4083
4085
4091
5
9
13
17
27
29
29
29
29
29
27
21
15
9
3
4093
4085
4079
4077
4069
4071
4071
4073
4077
4079
4081
4087
4093
3
4095
31
95
139
4063
3959
3939
3993
4053
4075
4073
4069
4067
4067
4069
4071
4075
4079
4081
4089
4095
5
3
3
1
4095
1
1
1
4095
3
7
7
11
13
17
19
21
17
17
11
1
4095
1
1
4091
4085
4083
4081
4077
4075
4075
4077
4075
4073
4075
4075
4071
4071
4071
4073
4073
4073
4077
4083
4091
4091
4085
4079
4075
4073
4071
4069
4073
4073
4069
4067
4067
4067
4069
4067
15
97
129
4083
4009
3989
4017
4059
4081
4081
4081
4075
4073
4071
4065
4067
4071
4069
4069
4069
4069
4069
4075
4077
4091
3
5
7
7
5
9
9
13
15
17
15
21
21
19
5
5
4095
4089
4083
4073
4063
4065
4063
4061
4073
4077
4083
4077
4071
4069
4067
4067
4071
4069
4069
4065
4063
4069
4067
4069
4067
4067
4063
4061
4061
4067
4067
4067
4073
4085
4085
4087
4081
4081
4073
4091
59
119
35
4009
4019
4009
4015
4045
4073
4077
4073
4073
4071
4073
4073
4075
4085
4093
4095
4091
4093
4093
4095
4095
4091
4089
4091
4093
1
5
5
9
15
19
23
23
19
15
13
7
3
4095
4095
4095
4095
1
1
4093
4093
4091
4085
4081
4075
4073
4071
4071
4069
4071
4071
4071
4071
4073
4071
4073
4073
4073
4077
4081
4083
4089
4095
3
1
4095
4093
4093
4085
5
57
135
99
4035
3999
3989
4021
4061
4077
4079
4079
4077
4077
4081
4081
4085
4087
4087
4091
4095
5
13
9
9
11
9
11
9
11
13
15
21
25
31
33
35
37
33
19
11
3
4095
4095
4095
4093
4093
4093
1
5
1
4093
4091
4089
4089
4085
4087
4089
4089
4085
4081
4081
4081
4077
4079
4081
4081
4081
4085
4089
4093
4091
31
103
153
47
4025
4005
4015
4055
4081
4087
4089
4085
4083
4083
4083
4085
4087
4089
4091
4095
3
3
9
15
21
21
21
23
21
19
21
21
23
25
27
29
31
27
21
15
13
5
1
4095
4095
1
7
9
13
9
7
1
4089
4083
4081
4075
4077
4077
4075
4075
4075
4075
4077
4075
4079
4083
4087
1
9
7
5
4095
1
5
5
5
4093
4087
4083
4075
4087
49
121
83
4035
3999
3997
4043
4081
4091
5
9
7
7
1
1
3
1
4095
4093
4095
4095
4093
4093
4093
4091
4091
4095
3
7
11
17
25
31
43
51
53
53
47
39
33
21
11
3
4095
4087
4081
4079
4077
4081
4081
4079
4079
4081
4079
4079
4087
4095
4095
4093
4091
4087
4087
4085
4085
4083
4081
4079
4077
4077
4075
4075
4077
4075
4075
4079
4081
4079
4079
4083
1
3
1
4093
4089
4087
4083
4079
4079
4077
4077
4075
4073
15
79
117
5
4003
3977
3993
4047
4077
4083
4083
4089
3
3
4095
4093
4091
4089
4085
4087
4087
4085
4085
4085
4085
4087
4085
4089
4095
3
3
7
13
17
25
35
45
47
41
31
19
11
1
4089
4081
4075
4073
4069
4067
4063
4061
4061
4063
4065
4065
4065
4067
4071
4071
4077
4083
4087
4093
4095
4089
4083
4075
4079
4079
4073
4073
4071
4071
4069
4071
4063
4079
41
99
17
4007
4013
3999
4033
4065
4087
4083
4079
4081
4083
4081
4079
4083
4081
4079
4081
4079
4075
4071
4075
4077
4077
4079
4083
4087
4089
4093
7
11
15
19
25
33
37
35
29
17
5
4093
4089
4083
4079
4069
4069
4071
4069
4065
4069
4065
4067
4069
4073
4073
4071
4069
4073
4073
4075
4077
4081
4085
4085
4083
4079
4079
4079
4077
4079
4075
4069
7
67
103
4075
4003
4009
3997
4029
4059
4075
4079
4081
4079
4085
4093
1
4095
4091
4089
4091
4089
4091
4091
4091
4089
4091
4091
4095
3
7
7
5
9
15
21
27
29
29
27
25
23
15
7
1
4091
4089
4085
4081
4079
4075
4073
4075
4075
4077
4075
4071
4069
4069
4069
4073
4073
4077
4081
4085
4089
4093
3
7
3
4095
4093
4089
4087
4085
4083
4079
4077
4079
4079
4081
4081
4081
4079
4075
4073
4075
4077
4077
4081
4083
4087
4087
4089
3
7
3
1
4095
4093
31
97
137
11
4007
3973
4005
4057
4077
4077
4075
4073
4073
4075
4075
4077
4081
4085
4091
4095
3
9
15
17
13
9
11
11
11
11
13
17
15
13
19
21
23
23
21
17
11
5
5
5
5
7
11
9
3
4093
4093
4089
4087
4089
4085
4083
4079
4075
4075
4079
4079
4077
4081
4083
4087
4089
1
7
3
4093
4089
4089
4087
4083
4087
4085
4083
4083
4081
4079
4077
4077
4081
4081
4085
35
111
141
5
4029
4005
4037
4079
4095
4095
4087
4081
4077
4077
4075
4073
4075
4075
4075
4077
4077
4079
4085
4089
1
7
19
25
19
19
21
23
27
25
27
27
27
27
23
17
9
3
4093
4087
4081
4079
4083
4085
4087
4091
4089
4089
4083
4083
4081
4079
4079
4077
4075
4073
4071
4073
4073
4075
4075
4077
4081
4085
4087
4089
1
4091
4093
4093
4089
4085
4085
4079
4079
4075
4075
4073
4071
4069
4067
4069
4071
4071
4075
4077
4077
4079
4085
1
3
4093
4095
4091
3
45
109
93
4053
4021
3991
4009
4047
4069
4071
4077
4073
4075
4081
4089
4085
4091
4087
4091
4089
1
4093
4091
4083
4085
4083
4083
4087
4087
4091
1
5
5
11
15
19
19
23
21
17
17
17
17
15
9
7
5
1
4093
4087
4083
4083
4079
4079
4075
4071
4069
4069
4071
4069
4069
4067
4073
4075
4077
4079
4081
4087
4095
9
7
1
4095
4091
4093
4091
4087
4087
4081
4079
4077
4073
4079
4075
21
101
137
4089
4005
3991
3995
4039
4073
4087
4095
5
11
5
5
3
4093
4085
4091
4091
4087
4087
1
1
1
1
1
3
7
5
9
13
19
25
27
29
37
37
39
35
35
33
21
11
3
4093
4087
4091
4089
4085
4083
4081
4077
4075
4075
4075
4075
4075
4077
4073
4077
4077
4081
4087
4091
4091
4089
4093
3
1
1
4095
4091
4095
4093
4091
4089
4087
4089
4087
4083
4087
4085
4083
4089
4085
4089
4091
4095
45
135
155
7
4017
3991
4031
4069
4081
4079
4077
4075
4071
4073
4073
4073
4075
4075
4075
4077
4081
4087
4089
4093
5
15
23
25
25
27
21
19
17
15
13
13
9
11
13
5
4093
4089
4085
4083
4083
4085
4091
4093
4091
4087
4087
4083
4083
4083
4085
4085
4085
4083
4077
4069
4067
4067
4069
4069
4071
23
95
111
4049
3995
3993
4033
4071
4089
4089
4083
4081
4081
4081
4079
4089
4085
4077
4073
4073
4077
4075
4079
4083
4083
4087
4091
4095
7
17
27
25
23
23
25
29
33
33
27
11
1
4089
4085
4073
4075
4073
4073
4073
4071
4073
4077
4079
4087
4089
4091
4093
4087
4081
4093
51
115
4089
3981
3961
3991
4049
4077
4081
4079
4081
4079
4083
4089
4095
4095
4095
4093
4085
4093
4095
4091
4087
4083
4081
4087
4089
4087
4089
4091
1
1
5
11
13
19
25
21
21
17
11
11
13
9
3
4093
4089
4089
4081
4081
4079
4075
4077
4069
4069
4075
4075
4069
4067
4073
4069
4069
4085
4087
4091
4095
3
5
4095
4091
4093
4093
4085
4079
4085
4077
4081
4077
4075
4077
4077
4071
4075
4081
4073
4075
4077
4079
4081
4083
4091
3
1
4093
3
4091
4093
4091
4089
4087
4087
21
85
127
7
3993
3977
3983
4033
4059
4075
4077
4071
4077
4077
4085
4091
4087
4089
4093
4095
5
15
13
15
11
11
7
3
1
4095
3
5
4093
7
5
3
13
7
13
15
11
9
3
4095
1
3
1
5
1
3
4087
4083
4077
4077
4077
4071
4065
4063
4063
4061
4061
4061
4059
4057
4055
4063
4067
4065
4069
4081
4087
4075
4067
4069
4063
4057
4057
4053
4051
4053
4049
4049
4049
4047
4047
4051
4053
4053
4055
4057
4059
4061
4071
4077
4079
4077
4073
4069
5
63
91
4051
3975
3957
3971
4023
4053
4057
4051
4053
4057
4059
4063
4061
4067
4071
4081
4079
4079
4081
4075
4077
4073
4069
4075
4077
4073
4073
4079
4079
4081
4083
4083
4083
4091
4093
4091
4095
4089
4089
4091
4089
4077
4067
4067
4067
4065
4057
4057
4057
4055
4053
4055
4055
4049
4045
4047
4043
4045
4043
4043
4051
4051
4051
4053
4065
4075
4073
4071
4063
4067
4067
4069
4063
4057
4063
13
81
45
4007
3995
3971
3985
4021
4041
4053
4051
4047
4049
4047
4051
4061
4065
4077
4073
4069
4071
4073
4075
4069
4067
4065
4069
4069
4073
4071
4075
4077
4077
4083
4091
1
7
7
4095
4095
4093
4095
4083
4079
4071
4071
4065
4061
4061
4057
4051
4051
4053
4047
4051
4051
4049
4045
4045
4047
4055
4051
4055
4063
4071
4077
4075
4071
4073
4067
4065
4065
4067
4069
4065
4063
4057
4063
17
87
55
3999
3997
3989
3987
4025
4069
4081
4077
4071
4069
4071
4075
4073
4073
4071
4073
4069
4071
4071
4071
4071
4069
4071
4077
4079
4087
4093
3
15
21
23
29
31
31
29
23
11
3
4091
4079
4071
4063
4063
4065
4067
4069
4069
4065
4067
4073
4081
4087
4085
4077
4079
4083
4079
4081
4075
4071
4073
4073
4071
4065
4069
4067
4065
4071
4077
4085
4087
4081
4089
5
39
119
149
17
4023
3999
4021
4059
4083
4091
4083
4081
4075
4073
4075
4071
4079
4085
4085
4081
4081
4093
1
7
9
21
29
31
23
23
31
33
27
27
29
27
27
23
29
23
13
7
1
4091
4089
4089
4091
1
4095
3
7
11
15
9
5
1
4093
4093
4091
4089
4089
4089
4085
4079
4079
4075
4077
4079
4081
4087
4089
3
27
97
159
53
4017
4005
4011
4057
4081
1
4093
4095
4085
4085
4085
1
4083
4085
1
4093
4091
5
9
5
15
31
39
35
35
35
31
33
41
41
33
49
49
33
29
27
17
13
13
4093
4093
3
11
13
17
17
25
5
4093
7
13
4093
4087
4095
4089
4083
4085
4085
4083
4085
4081
4087
4087
4089
4095
9
11
15
7
5
1
9
65
139
105
4043
4003
4001
4045
4077
4087
4089
4089
4091
4091
4093
5
15
17
17
1
3
5
5
3
1
1
4093
4095
4095
1
7
5
19
21
19
27
39
43
45
41
31
19
13
11
4093
4085
4087
4083
4089
4087
4083
4077
4087
4079
4077
4083
4087
4091
3
5
3
1
3
4081
4087
4079
4087
4083
4077
4075
4077
4079
4081
4067
4085
4085
4081
4075
3
51
117
81
4041
4043
4009
4013
4051
4079
4087
4079
4079
4081
4079
4083
4081
4085
4083
4085
4091
4093
4091
1
13
21
31
25
25
25
27
27
19
23
29
25
27
31
31
25
9
3
3
4091
4083
4083
3
4095
4095
4091
4091
4091
4093
4091
4075
4075
4071
4071
4075
4071
4073
4075
4073
4075
4075
4075
4079
4083
4087
4089
3
3
3
1
3
1
1
4093
4091
4091
4089
4087
4089
4079
4081
4079
4081
4077
4079
4081
4085
4089
4087
4093
1
3
7
11
13
4087
4089
4091
4089
1
41
105
99
4041
4007
4005
3999
4033
4063
4085
4083
4083
4087
4091
3
5
9
13
15
19
15
13
7
15
15
11
11
15
13
15
19
15
23
29
25
29
29
35
37
37
33
23
19
19
9
1
4089
4089
4091
4089
4087
4083
4079
4081
4079
4079
4081
4083
4087
4087
4089
4095
1
4093
1
13
21
17
3
7
3
1
35
109
141
4089
4007
3993
4021
4061
4077
4091
4083
4079
4081
4083
4087
4093
3
9
11
11
9
11
7
7
11
11
13
13
13
15
17
21
23
27
35
31
29
35
29
33
27
21
17
13
5
7
3
1
1
4093
4085
4081
4081
4079
4083
4083
4087
4081
4077
4079
4085
4091
1
4095
4091
4087
23
89
137
4065
3993
3971
3985
4033
4065
4071
4067
4069
4065
4069
4077
4079
4077
4085
4093
1
3
4095
3
5
7
11
15
13
13
17
23
23
23
25
27
21
19
21
11
4095
4091
4089
1
4095
4083
4081
4083
4073
4077
4071
4069
4073
4057
4059
4053
4057
4059
4063
4061
4055
4059
4061
4053
4055
4059
4067
4077
4087
4085
4073
4065
4063
4065
4065
4067
4063
4059
4053
4053
4057
4055
4053
4047
4057
4059
4053
4049
4057
4053
4075
33
111
83
4021
3981
3971
4007
4041
4041
4057
4047
4051
4051
4057
4055
4055
4049
4057
4057
4059
4063
4069
4061
4061
4077
4095
4081
3
4095
5
7
1
9
17
11
9
1
1
11
4083
4067
4071
4063
4049
4051
4053
4047
4047
4045
4043
4051
4047
4045
4051
4059
4063
4063
4065
4051
4057
4063
4055
4067
17
87
49
4001
3977
3953
4001
4031
4051
4045
4043
4053
4049
4047
4051
4049
4041
4039
4043
4047
4045
4041
4031
4037
4029
4023
4013
4003
3997
3989
3969
3943
3987
4031
4081
4081
4061
4053
4057
4057
4055
4067
4079
4077
4065
4083
7
11
33
27
23
13
19
11
4089
4093
5
4095
4081
4089
11
4093
4083
4091
11
1
9
15
13
15
3
3
7
4085
4085
4077
4081
4073
4071
4075
4071
4079
4081
4071
4081
17
91
117
3
4007
3993
3995
4031
4075
4081
4075
4079
4083
4077
4073
4077
4073
4069
4071
4073
4073
4085
4079
4069
4069
4077
4083
4085
4093
1
7
17
27
43
19
7
13
25
17
7
4093
4087
4081
4071
4063
4063
4071
4073
4057
4069
4073
4071
4077
4085
4089
3
4077
4079
4089
4079
4085
4091
4089
4087
4085
9
3
4075
4087
4089
4093
4091
4089
4091
5
17
11
11
4095
3
4087
4091
1
4085
4093
4093
1
4079
31
113
109
4055
4003
3987
4003
4045
4089
11
13
5
7
5
9
3
13
11
4091
4095
17
1
4095
4093
1
7
11
13
15
33
49
41
53
47
45
47
57
47
63
23
15
19
1
3
4085
4083
4091
4089
4087
4079
4073
4081
4095
9
4093
3
3
1
4089
4091
5
4085
4093
4091
3
59
113
49
4011
4011
3995
4033
4073
4093
1
11
1
1
1
7
9
11
5
4095
3
5
5
13
5
9
17
5
15
29
19
17
29
35
49
55
51
43
29
17
7
4095
4089
4079
4073
4075
4067
4059
4065
4065
4067
4075
4079
4081
4079
4089
11
13
15
13
9
1
4091
4095
4085
4083
4083
4083
4079
4083
4085
4087
4091
4091
4085
21
91
135
25
4031
4039
4017
4037
4077
4095
4091
4085
4085
4083
4083
4081
4079
4081
4085
4083
4083
4093
4091
1
7
21
31
33
35
39
41
39
41
53
47
51
51
45
39
35
21
11
7
3
4093
1
3
7
7
7
3
3
4095
4089
4087
4091
4083
4085
4081
4079
4083
4083
4083
4079
4083
4087
4091
4089
4093
1
9
7
1
5
5
7
3
1
1
4095
4095
1
4093
4095
4091
4095
4093
23
93
149
53
4019
3991
3997
4045
4085
7
9
4093
1
4095
4093
4095
4095
3
1
4093
4095
4093
4093
4095
5
7
3
7
19
17
17
23
31
41
53
55
53
51
49
41
23
15
9
1
4095
4091
4091
4089
4085
4081
4077
4079
4077
4079
4081
4083
4085
4087
4093
1
1
4093
4091
4091
4093
4089
11
65
129
67
4011
3981
3981
4031
4065
4077
4075
4073
4073
4077
4081
4087
4085
4091
5
11
9
3
5
5
5
5
5
7
9
11
13
15
11
15
15
15
17
17
13
7
1
4087
4079
4079
4079
4077
4079
4073
4069
4071
4069
4067
4069
4069
4067
4067
4069
4069
4067
4065
4065
4067
4065
4093
59
121
27
4015
4015
3995
4019
4055
4073
4075
4075
4071
4069
4069
4071
4067
4063
4063
4063
4065
4071
4075
4077
4083
4083
4087
4095
1
3
11
9
11
13
13
5
7
9
4095
4085
4073
4065
4057
4053
4055
4053
4053
4061
4063
4071
4079
4081
4075
4075
4067
4085
4079
4067
4063
4075
4071
4061
4075
4059
4057
4061
4067
4063
4061
4071
4063
4071
4075
4085
1
43
115
61
4009
3999
3979
3999
4035
4047
4055
4071
4057
4057
4053
4049
4049
4057
4049
4047
4051
4069
4081
4059
4083
4089
5
4089
5
7
9
19
1
4095
7
23
17
9
11
4091
4085
4077
4073
4075
4067
4075
4071
4077
4079
4075
4077
4073
4067
4079
4065
4055
4049
4051
4053
4055
4057
4039
4049
4051
4063
4051
4047
4051
4063
4071
4065
4067
4079
4077
4081
4083
4085
4079
4077
4077
4073
4073
4069
4065
4067
4063
4063
4063
4065
4061
4061
4061
4057
4061
4069
4071
4075
4085
4095
4089
4085
4083
4083
4079
4077
4073
4071
4075
4075
4073
4077
4073
4063
4071
4071
4071
4085
4053
4073
4095
3
4089
4083
4087
4091
4091
4089
4085
4089
33
117
123
4077
3991
3967
3989
4043
4067
4073
4079
4079
4087
4085
4087
4091
4089
4089
4091
4083
4087
4085
4085
4089
4079
4083
4085
4089
1
3
3
7
9
15
21
29
21
21
21
31
37
35
25
15
7
5
4095
4091
4091
4085
4087
4079
4077
4077
4079
4095
4087
4077
4079
4075
4081
4071
4079
4083
4085
4087
4089
4093
5
3
4093
3
4095
4091
4089
4091
4091
4087
4083
4083
4085
4089
4085
4083
4081
4087
4075
4081
4079
4077
4083
4087
4095
4095
5
17
31
21
1
13
65
135
127
4081
4013
3991
4031
4075
4089
4091
4091
4093
4089
4093
4095
4089
4095
3
5
11
11
15
29
15
19
15
11
11
13
15
21
23
31
27
19
31
33
33
35
23
29
9
11
3
3
9
17
15
13
11
7
1
5
5
4095
4089
9
4093
4071
4091
4093
9
49
109
129
4063
