# Orig_Sig
16
8
18
2
0
4092
4066
4062
4062
4058
4074
4084
4064
4074
4070
4082
4068
4078
4070
4060
4064
4062
4074
4066
4068
4066
4068
4058
4066
4064
4078
4064
4068
4070
4078
4078
4080
2
30
96
194
406
434
330
140
100
4066
3982
3964
3974
4000
4024
4068
4030
4008
4062
134
4024
46
4064
4002
3976
3994
3984
3998
3988
3988
3978
3974
3976
3968
3980
3962
3946
3948
3942
3940
3952
3944
3966
3964
3982
4016
4036
4062
4070
16
4
12
4
16
10
8
4090
4068
4092
4050
4052
4040
4050
4022
4028
4014
4020
4016
4018
4014
4026
4018
4012
4030
4028
4034
4032
4036
4028
4042
4030
4040
4028
4028
4018
4030
4026
4046
4048
4050
4046
4062
4064
4044
4064
4044
4050
4036
4046
4034
4036
4022
4030
4026
4020
4022
4020
4032
3994
3990
4042
72
92
90
8
4074
18
152
368
416
322
140
98
4074
3954
3920
3936
3964
3996
3998
4016
3992
3992
4000
4006
4002
4004
4002
3996
4004
3998
4014
4006
4006
3986
3988
3982
3978
3962
3960
3936
3924
3910
3896
3906
3900
3916
3916
3936
3944
3978
3994
4020
4014
4028
4022
4034
4036
4030
4042
4032
4034
4024
4036
4028
4034
4018
4022
4022
4032
4024
4038
4044
4036
4032
4038
4048
4042
4038
4028
4040
4016
4012
4012
4026
4010
4018
4008
4006
3986
3966
4046
68
82
42
4064
4006
4002
4012
4036
4018
4016
4012
4010
4020
4022
4026
4022
4026
4018
4034
4032
4042
4034
4042
4036
4052
4050
4056
4068
4074
4074
10
84
162
382
450
368
196
164
60
4036
3870
4080
16
64
80
88
72
72
82
70
60
64
74
56
64
46
54
46
40
36
38
34
10
16
8
2
4094
2
4076
4092
4076
0
6
26
40
62
76
96
116
118
128
124
116
118
132
120
126
124
132
108
120
116
116
118
118
104
108
106
108
116
118
118
100
108
108
118
110
114
126
110
104
108
116
104
112
112
128
118
124
118
140
136
112
122
122
116
114
124
110
110
106
116
110
124
104
124
112
118
114
116
118
116
122
126
204
240
444
530
430
278
230
146
60
10
12
48
52
80
88
82
76
78
64
74
64
62
56
52
62
44
32
28
50
20
26
22
24
4086
4092
4076
4088
4068
4070
4068
4076
4080
4090
28
40
64
64
92
88
106
90
102
94
94
88
92
92
88
98
80
82
76
80
74
86
76
76
70
78
78
84
80
78
80
76
88
86
86
78
90
78
82
76
78
74
80
74
80
92
78
86
94
94
70
88
62
88
74
78
72
76
68
68
80
64
78
62
70
64
76
60
80
66
66
84
152
198
390
508
406
280
214
130
20
4062
4050
4090
10
16
26
28
16
18
16
8
8
6
6
4094
8
4082
4086
4074
4084
4066
4076
4058
4048
4044
4036
4028
4026
4028
4016
4016
4018
4042
4052
4070
4084
20
14
36
44
54
36
46
44
44
52
36
50
46
44
26
40
34
40
36
40
32
40
32
34
46
36
44
30
38
28
40
28
38
28
30
30
34
28
34
30
22
16
16
18
14
44
22
34
24
32
24
40
30
30
18
18
32
24
26
26
38
18
26
28
34
28
32
22
32
32
22
36
38
72
112
204
386
464
372
210
162
68
4036
4028
4044
4070
0
0
6
4084
14
4090
4
4088
4088
4070
4086
4068
4082
4072
4076
4058
4058
4060
4050
4064
4040
4046
4026
4024
4012
4026
4012
4026
4018
4032
4060
4070
4086
8
36
26
34
38
48
36
46
34
34
38
30
34
26
34
28
24
12
24
26
28
18
24
22
20
20
28
32
24
30
22
34
18
36
32
34
16
20
22
16
26
38
38
24
32
38
46
30
44
26
32
18
32
26
30
32
22
28
20
34
14
38
26
36
14
38
26
32
48
88
140
304
434
358
288
150
86
4092
4024
4026
4054
4068
2
10
4084
4092
4092
4092
4080
4088
4072
4080
4066
4074
4074
4076
4064
4062
4056
4054
4050
4046
4048
4028
4026
4010
4020
4004
4006
4008
4026
4016
4040
4064
4080
14
20
24
26
38
22
38
36
36
18
36
28
28
22
20
22
8
4
10
18
10
10
2
12
2
12
8
18
16
4
22
18
22
10
26
14
18
0
18
6
28
16
20
16
12
26
18
14
14
10
4094
14
2
12
2
18
0
10
10
8
8
16
18
4094
20
6
18
16
40
86
142
320
454
354
240
174
82
4078
3988
4010
4032
4060
4072
4088
4062
4070
4060
4068
4062
4056
4050
4054
4044
4040
4054
4036
4046
4024
4022
4018
4022
4010
4008
4000
3984
3976
3980
3978
3968
3990
3982
4000
4018
4040
4056
4088
4088
4090
4092
2
0
8
8
4094
6
4080
2
4088
4094
4082
4090
4074
4082
4080
4086
4084
4088
4080
4078
2
4074
4090
4084
4088
4074
4084
4080
4084
4088
4092
4084
4082
4088
4082
4092
4072
4084
4080
4092
4086
12
4088
0
8
2
4086
4094
4090
4086
8
4084
4090
4082
4092
4084
4
4092
4092
4092
4088
0
4092
4
4092
18
4084
26
58
116
290
424
348
248
148
80
4080
3988
4004
4014
4044
4052
4074
4058
4070
4062
4052
4048
4048
4058
4050
4052
4040
4060
4030
4026
4026
4036
4028
4026
4000
4006
4000
3982
3990
3980
3976
3958
3988
3976
3994
4006
4030
4048
4064
4080
4086
10
0
8
0
8
4084
14
2
4
4094
4088
4088
4088
4086
4086
6
4080
4086
4092
4088
4080
0
4092
4094
4088
4086
4
2
0
8
6
4088
0
4088
4090
2
18
6
10
8
22
18
14
24
4
16
2
12
6
18
2
10
0
14
12
10
2
16
10
0
12
18
8
14
42
106
226
378
400
298
140
84
4088
4018
4014
4034
4044
4076
4076
4082
4070
4074
4076
4074
4070
4062
4060
4062
4060
4054
4060
4040
4044
4034
4036
4018
4028
4016
4010
3990
3984
3984
3984
3976
3978
3990
3992
4014
4032
4064
4068
4094
4082
8
6
0
2
10
0
4086
4094
4094
4
4078
0
4082
4090
4080
4084
4088
4086
4084
4074
4088
4074
4086
4084
4088
4082
4084
4074
4090
4084
4092
4086
0
4082
4086
0
4088
4086
4082
4082
4074
0
4080
2
4094
2
4082
4088
4092
4078
4082
4076
4092
4072
4074
4074
4088
4072
4082
4072
4084
4074
4082
4082
4092
4082
4076
4088
12
34
88
270
418
390
290
176
106
26
3952
3990
4008
4018
4054
4058
4068
4046
4064
4044
4052
4042
4046
4038
4046
4032
4024
4026
4018
4018
4010
4012
3992
4002
3976
3980
3976
3972
3958
3958
3948
3956
3966
3974
4002
4022
4022
4052
4078
4076
4084
4082
4090
4074
4084
4082
4088
4086
4076
4076
4074
4070
4066
4082
4066
4072
4060
4070
4062
4074
4074
4064
4076
4068
4070
4072
4076
4074
4088
4066
4068
4084
4084
4080
4078
4076
4070
4074
4064
4094
4088
4094
4078
2
4078
4092
4094
4086
4078
4090
4078
4086
4094
4084
4088
4094
4092
4082
4090
4088
0
4088
0
4090
2
4084
6
40
98
228
392
388
292
140
76
0
4004
4002
4000
4040
4058
4066
4078
4066
4062
4056
4060
4054
4060
4056
4050
4042
4042
4036
4028
4036
4032
4028
4020
4006
4008
4008
3996
3996
3976
3972
3962
3976
3974
3988
4010
4014
4040
4070
4084
4086
4
4084
6
4086
6
4090
4
4
4088
4078
4080
4092
4082
4084
4080
4088
4068
4076
4072
4092
4082
4082
4072
4084
4082
4082
4092
4
4088
4080
4090
4082
4090
4076
4082
4094
6
4082
2
12
16
6
4
4094
4092
4094
4084
4
4090
4088
4088
2
4084
4
4
4092
4090
4090
0
4094
6
4094
14
14
74
124
324
422
320
190
118
36
4058
3994
4000
4036
4040
4070
4074
4068
4062
4066
4048
4062
4048
4044
4042
4052
4036
4032
4030
4024
4026
4014
4018
4002
4016
3976
3990
3980
3976
3964
3972
3962
3968
3978
3986
4012
4028
4052
4054
4086
4064
4092
4082
4092
4086
4082
4074
4082
4078
4074
4078
4068
4068
4060
4070
4062
4074
4054
4068
4060
4066
4050
4074
4068
4068
4060
4064
4066
4064
4072
4070
4078
4060
4072
4060
4082
4066
4070
4060
4066
4064
4076
4074
4086
4084
4078
4076
4078
4076
4074
4070
4070
4074
4064
4068
4072
4076
4068
4072
4074
4068
4070
4072
4078
4074
4080
4060
4086
4078
34
88
276
422
370
250
166
90
4076
3948
3962
4004
4014
4044
4048
4040
4036
4032
4016
4038
4026
4022
4022
4018
4002
4002
4008
3990
4000
3988
3990
3972
3972
3958
3966
3948
3950
3936
3940
3940
3940
3958
3966
3998
3998
4028
4048
4074
4060
4078
4074
4080
4068
4074
4070
4074
4074
4066
4068
4062
4066
4058
4064
4056
4064
4054
4064
4062
4070
4064
4068
4062
4060
4072
4060
4068
4064
4078
4050
4070
4068
4074
4066
4074
4060
4064
4084
4080
4084
0
4
4092
4088
4078
4094
4086
4082
4088
4084
4082
4076
4088
4086
4090
4084
4082
4092
4090
4070
4094
4084
2
4078
0
24
96
188
386
392
286
130
74
4088
3992
4010
4000
4032
4048
4074
4066
4068
4064
4058
4054
4052
4048
4046
4050
4040
4038
4028
4036
4022
4030
4010
4018
4006
3996
3996
3988
3978
3968
3972
3954
3970
3984
3992
4000
4044
4040
4064
4080
8
0
6
2
8
14
4086
14
10
4094
4088
4094
4084
14
4076
4090
4086
4084
4068
0
4084
0
4084
4088
4078
4082
4092
4084
14
2
4092
4084
4090
4084
2
4088
6
8
16
4
8
30
16
20
6
14
6
16
6
20
4
6
8
16
8
14
14
6
16
4
12
12
18
12
44
96
166
354
426
300
164
102
18
4054
4018
4030
4050
4078
4070
0
4076
4086
4082
4080
4066
4066
4056
4062
4064
4056
4060
4050
4048
4034
4048
4028
4038
4018
4020
4002
4004
3986
3990
3984
3982
3984
3994
4018
4032
4056
4070
4094
4088
2
4092
26
4090
10
4094
6
4090
0
4094
4092
4
4074
4090
4088
4092
4078
8
4092
4094
4092
4
2
10
4082
4088
4092
4084
4088
4088
4094
4088
2
4082
0
4086
4088
4080
4092
4078
4088
4094
4092
4
0
6
4084
2
4080
4092
4084
4092
4082
4086
4082
4092
4092
4084
4092
4086
4082
4080
4
4082
4090
4086
4088
4092
30
80
234
412
402
314
176
112
12
3980
3980
4010
4014
4052
4054
4062
4042
4058
4052
4042
4030
4042
4046
4034
4040
4022
4024
4010
4016
4002
4014
3990
3994
3980
3980
3966
3970
3964
3954
3962
3950
3978
3980
4012
4014
3980
4018
40
60
16
72
88
86
82
74
62
48
44
32
34
10
10
4092
4094
4086
4082
4090
4090
4088
0
4088
0
4084
0
4084
2
4080
4
4088
4092
4076
2
4080
4084
4084
4094
2
4094
4
4094
16
8
16
4092
8
4094
18
8
20
14
12
14
14
12
10
30
6
14
6
12
10
22
16
16
28
66
128
304
434
336
236
134
72
4058
4014
4012
4058
4052
4072
6
4084
4082
4084
4074
4072
4068
4058
4060
4066
4050
4042
4056
4044
4040
4036
4038
4032
4030
4014
4008
4014
4000
3994
3980
3992
3988
4010
4012
4046
4070
4082
4094
10
16
24
16
28
24
16
20
12
20
10
24
8
0
4094
6
6
12
0
4092
4088
6
4092
4
22
12
6
12
26
18
36
8
42
16
14
12
20
4094
2
28
14
26
18
26
42
34
14
26
24
24
20
22
26
24
16
20
18
24
26
20
14
10
24
16
24
18
26
42
112
166
374
430
316
156
116
30
4056
4032
4020
4056
4066
4082
4090
4094
4086
4086
4082
4074
4076
4068
4072
4062
4076
4058
4054
4044
4060
4038
4040
4034
4032
4008
4010
4002
4002
3998
3976
3988
3990
3998
4000
4036
4048
4076
4072
0
8
14
8
14
12
0
2
4
10
4090
6
4082
4092
4080
4088
4084
4088
4078
4078
4076
4074
4088
4074
4082
4078
4086
4070
4088
4082
4088
4084
4090
4068
4074
4080
4068
2
4086
4092
4080
4
4088
2
4090
0
4084
4082
4088
4082
0
4084
0
4084
4088
4078
2
4080
6
4086
4090
4088
2
4078
2
12
44
88
250
422
386
306
174
112
10
3978
3992
4026
4038
4066
4078
4056
4060
4058
4064
4048
4064
4038
4040
4036
4044
4034
4042
4028
4018
4026
4004
4006
4000
4002
3984
3986
3964
3968
3972
3970
3966
3986
3982
4006
4030
4044
4074
4086
4090
4084
6
4092
14
4092
6
4086
4
4082
4090
4
4088
4088
4076
4084
4078
2
4084
4090
4084
4086
4080
4090
4086
4092
4094
4082
4090
4092
4090
4086
4092
4
4094
4084
4080
4080
4094
4090
6
4
4092
6
14
14
4
20
4090
6
4094
12
10
10
0
8
10
0
8
10
8
10
8
4
14
4
30
14
78
126
312
428
362
228
138
76
4064
4012
4016
4036
4060
4076
4078
4074
4076
4068
4078
4068
4056
4058
4048
4032
4068
4030
4038
4028
4008
4016
4022
3998
4010
3992
3982
3974
3968
3960
3958
3968
3968
3974
3974
4000
4024
4052
4044
4076
4082
4086
4080
4094
8
4074
4094
4076
4080
4090
4076
4072
4086
4062
4068
4054
4080
4062
4092
4066
4064
4072
4070
4078
4078
4090
4074
2
4078
4
4084
4090
4092
4090
4088
4
14
2
12
24
8
4094
22
2
2
6
4
4076
10
4094
4092
4092
2
4
4082
0
4092
6
4088
8
4092
0
4
40
114
254
412
394
316
178
126
32
4004
3994
4036
4042
4074
4078
4082
4072
4070
4060
4064
4054
4060
4060
4050
4050
4030
4040
4016
4028
4018
4026
4008
3992
3992
3986
3980
3982
3980
3964
3968
3962
3986
3996
4024
4034
4060
4070
4092
2
14
16
6
10
4092
14
2
8
4
4
4088
4084
4094
4082
0
4086
2
4078
4084
4082
4
4086
4092
4088
4092
4088
4082
0
2
4090
4088
4088
4090
2
4078
4092
4092
4086
4090
2
0
6
8
8
4
4094
2
4086
8
4088
8
4086
4094
4090
4
0
0
2
4092
2
4094
6
0
18
4090
14
32
94
150
364
454
378
232
176
92
4060
4000
3998
4038
4052
4070
4074
4070
4068
4068
4058
4054
4054
4048
4054
4048
4048
4030
4038
4022
4030
4020
4026
4012
4012
3990
3992
3996
3978
3982
3986
3972
3972
4004
4006
4034
4052
4064
4078
4
4094
12
16
10
8
4
12
6
12
2
8
4088
4090
4082
16
4086
4094
4094
4082
4092
4086
0
4090
6
4082
2
0
8
4092
6
2
4082
4094
4082
4094
12
14
6
8
12
14
10
12
8
18
2
10
6
0
2
18
12
0
14
12
8
12
10
4
12
4
10
30
46
118
210
396
396
328
148
118
10
4028
4008
4028
4028
4080
4072
4090
4084
4060
4068
4066
4072
4066
4066
4062
4062
4036
4052
4048
4036
4036
4024
4020
4026
4008
4000
4002
3998
3964
3962
3988
3976
3974
4000
3994
4028
4038
4062
4086
8
4088
4094
4092
2
4078
16
4090
4094
4082
2
4072
4080
4080
4076
4088
4062
4076
4064
4074
4078
4074
4072
4082
4064
4088
4082
4094
4072
4072
4092
4070
12
4080
4092
4078
4084
4068
10
4080
4094
2
0
0
4094
4088
0
10
4
0
4084
10
0
0
0
6
4
4088
4
0
14
4086
18
4094
4
6
26
106
182
362
448
366
216
164
96
4090
3986
3998
4026
4056
4056
2
4056
4072
4060
4058
4058
4050
4056
4054
4060
4034
4036
4032
4026
4024
4028
4008
4004
3996
3988
3980
3976
3974
3958
3962
3948
3964
3976
4006
3998
4042
4044
4068
4086
2
4
6
4
4086
12
4094
10
4
10
4084
2
4088
4090
4094
4082
4084
4090
4084
4078
4094
0
4090
4086
4090
4084
6
4094
0
4
4090
4082
4088
4
4090
12
2
6
6
18
2
22
12
8
4092
10
4092
4
8
0
10
4088
2
4092
14
4088
10
2
4094
4094
8
8
18
48
86
234
402
444
368
226
152
60
3992
4000
4014
4036
4070
4082
4068
4060
4072
4058
4070
4056
4060
4050
4054
4042
4046
4040
4042
4024
4026
4010
4006
4010
3994
4004
3974
3978
3960
3976
3968
3980
3990
4000
4010
4042
4064
4088
0
8
8
8
18
4
22
10
14
0
10
4094
12
4094
8
4094
4086
4090
4090
6
4088
6
4078
0
4092
0
4092
12
4092
4090
4094
4
2
4
6
4092
4090
4082
4092
8
22
10
12
6
18
12
8
8
4
0
2
10
6
12
16
14
4090
14
0
12
12
24
10
18
8
16
22
52
118
212
406
414
334
160
122
22
4030
4022
4032
4060
4078
0
6
4082
4074
4082
4078
4090
4070
4080
4054
4066
4060
4056
4044
4058
4052
4034
4032
4020
4034
4014
4026
4006
3988
3988
3998
3984
4004
4010
4020
4042
4068
4092
2
24
28
20
14
34
26
36
20
30
18
12
22
22
8
18
6
4092
10
2
2
2
18
2
4
4094
2
4
4090
10
8
4094
4094
4
4
14
18
14
16
8
12
24
26
4
2
14
18
0
18
16
2
8
22
2
16
16
14
10
20
4068
32
20
8
58
108
212
388
426
330
160
128
22
4008
4018
4018
4048
4070
4090
4080
4072
4072
4060
4068
4064
4080
4042
4072
4044
4054
4052
4044
4042
4020
4036
4024
4006
4004
4008
3978
3972
3966
3950
3954
3962
3974
3978
4000
3994
4036
4062
4086
4082
4078
4080
4092
4080
4086
4092
4084
4078
4084
4088
4074
4082
4072
4084
4066
4076
4062
4084
4070
4090
4078
4076
4080
4084
4090
4086
4092
4084
4088
4086
6
4092
4
4088
4088
4084
4
4094
6
8
8
6
8
8
2
18
4094
4
4094
8
4094
8
0
14
4
4086
2
6
8
4090
20
4090
8
4092
24
66
122
284
450
418
320
210
136
50
3970
3994
4012
4040
4048
4074
4052
4062
4042
4052
4046
4046
4048
4044
4036
4026
4032
4012
4028
4016
4014
3996
4000
3980
3990
3978
3972
3970
3958
3950
3956
3972
3962
3996
4012
4034
4048
4074
4078
8
4094
4088
4092
6
4090
0
4
4090
0
4078
4086
4082
4090
4076
4084
4076
4074
4066
4086
4076
4082
4078
4072
4088
4084
4088
4080
4094
4080
4090
4078
4094
4088
4086
4082
4086
4080
4092
4
6
4
4
6
4090
2
4084
2
4084
0
4076
4090
4090
2
4090
0
4088
4086
4086
4088
2
4090
4094
4092
4094
4090
26
80
148
354
442
368
232
188
78
4068
3990
3992
4014
4058
4058
4082
4062
4068
4054
4066
4044
4052
4058
4048
4054
4032
4044
4026
4042
4022
4030
4022
4006
4000
4018
4000
3996
4008
3984
3986
3988
3994
4008
4030
4040
4068
4076
2
12
18
18
24
12
16
22
8
18
14
20
2
4090
10
12
8
8
4
12
4094
8
0
24
20
6
16
8
18
14
14
22
6
8
4094
14
18
16
32
30
10
40
20
40
10
46
6
22
20
10
40
20
28
22
18
8
32
10
24
32
6
22
28
24
62
136
216
398
402
306
120
112
8
4040
4032
4036
4054
4094
4084
34
4074
4082
4080
12
4086
4074
4078
4062
4076
4064
4074
4074
4064
4052
4034
4048
4026
4038
4026
4026
4006
3994
3974
4016
3978
4012
4004
4044
4034
4072
4082
24
26
14
26
18
32
20
38
8
32
20
2
32
8
18
4
14
18
0
4084
16
4082
18
6
10
0
18
10
14
16
14
14
24
26
24
34
28
26
10
22
18
24
40
46
34
40
48
42
52
42
56
30
40
36
44
30
50
32
34
32
28
34
34
32
28
26
22
30
28
46
60
132
264
422
410
324
178
118
30
4000
4016
4030
4058
