# Orig_Sig
4
14
16
22
28
44
42
46
38
24
52
34
28
14
20
10
4086
4004
40
6
4062
4084
4084
4090
4092
2
34
50
154
188
270
50
3824
3754
3772
3868
3966
4026
4042
4054
4058
4054
4058
4060
4062
4058
4066
4056
4066
4064
4060
4062
4062
4060
4064
4064
4062
4064
4062
4068
4064
4064
4066
4068
4072
4080
4088
4094
8
20
30
34
34
32
30
24
22
24
18
24
22
22
22
16
18
22
22
22
22
20
22
24
22
28
32
58
160
276
340
266
130
4024
3800
3784
3682
3642
3646
3686
3708
3702
3786
3830
3920
4002
4018
4028
4028
4020
4028
4028
4016
4074
4086
4092
6
8
20
28
44
50
64
76
96
112
136
146
164
180
196
200
194
200
196
182
174
160
144
126
118
106
92
86
76
74
64
72
66
68
56
60
52
54
52
46
46
44
40
36
30
30
30
24
26
18
20
16
16
8
6
10
8
6
4
0
4
2
4094
4
2
4
10
6
6
8
8
8
6
6
6
4
4
6
2
4
4
4
2
0
0
6
2
0
4094
2
2
0
4092
4090
4092
4094
4094
2
2
4094
4094
4094
4092
0
4094
4092
0
0
4092
4092
4090
4092
4090
4090
4090
0
0
0
4094
2
4
4
4094
2
0
4092
0
0
4090
4092
4090
4088
4090
4090
4090
4092
4086
4092
4090
4088
4090
4090
4090
4088
4088
4094
4092
4092
4094
4090
2
4090
4088
2
4
10
10
26
26
24
18
12
22
4094
0
8
4
18
94
154
106
214
4054
3694
3768
3860
3892
3970
4016
4022
4026
4032
4038
4036
4036
4034
4036
4044
4034
4040
4042
4044
4042
4046
4040
4052
4054
4058
4058
4058
4060
4064
4064
4066
4068
4072
4074
4074
4088
4084
0
0
16
20
32
34
34
38
32
28
32
28
26
24
24
26
26
24
24
26
20
28
18
18
16
16
16
18
12
12
14
16
10
14
6
6
6
4
4
8
10
4
2
6
0
4
2
2
0
0
4090
0
4094
4090
4086
4092
0
2
0
0
0
4094
2
4094
4
4094
4094
4094
4094
4094
4092
4092
4092
4094
4092
4092
4092
0
4094
4094
0
0
0
4092
4090
4092
4092
4092
4092
4090
4090
4094
4092
4090
4092
4094
4088
0
4090
4088
4090
4088
4090
4086
4088
4092
4
18
20
34
38
44
28
26
40
22
24
16
10
4094
4084
4076
4076
4078
4080
4086
4092
4092
36
40
154
192
298
82
3912
3740
3756
3860
3906
3988
4034
4038
4040
4052
4052
4052
4052
4054
4050
4050
4048
4050
4046
4048
4052
4052
4052
4052
4052
4060
4062
4060
4064
4064
4068
4066
4072
4072
4080
4078
4084
0
8
20
28
40
36
44
36
36
34
32
28
20
20
26
14
22
16
12
16
18
16
20
18
18
16
20
20
14
20
16
14
12
12
18
10
10
8
16
18
16
20
20
16
20
16
18
16
14
16
16
16
10
12
12
14
12
12
12
8
12
10
6
10
8
8
6
4
10
6
6
8
6
8
10
8
4
2
8
4
2
0
0
4094
4092
4094
4090
4092
2
0
2
4
6
8
4
10
6
8
12
6
4
14
10
10
8
10
10
12
20
22
26
34
44
46
32
30
34
24
16
6
12
2
4082
4076
4076
4082
4082
4082
4092
4090
32
26
136
176
274
108
3996
3704
3750
3844
3894
3994
4042
4048
4054
4054
4056
4060
4060
4062
4056
4058
4056
4058
4060
4062
4054
4056
4058
4056
4062
4056
4064
4062
4062
4064
4058
4062
4062
4066
4068
4072
4078
4082
4092
10
24
32
38
40
40
36
32
30
26
26
24
24
20
26
22
28
26
26
30
32
30
34
36
38
38
38
38
40
44
44
38
40
42
38
40
32
36
36
32
32
24
30
30
26
24
30
26
26
28
26
26
22
26
18
20
22
16
16
18
16
16
16
14
18
18
14
20
12
18
16
18
14
14
16
22
20
22
20
22
22
20
22
16
18
14
18
12
14
6
8
16
22
30
34
56
54
52
48
44
56
32
30
36
20
2
4092
4088
4092
4092
4092
4094
2
18
34
122
180
228
196
4082
3724
3770
3824
3874
3982
4032
4046
4050
4062
4054
4062
4058
4062
4062
4060
4058
4056
4054
4054
4056
4058
4062
4066
4066
4064
4070
4066
4066
4066
4064
4074
4070
4074
4074
4076
4082
4092
6
16
24
32
38
38
36
32
34
24
26
24
22
26
18
18
22
24
22
20
16
22
16
20
20
18
16
18
28
66
168
278
346
260
106
4018
3792
3772
3676
3626
3652
3702
3678
3724
3806
3850
3938
4008
4012
4030
4018
4028
4038
4008
4054
4088
4
4092
12
18
32
36
48
58
74
84
98
116
140
152
168
186
186
204
198
206
192
184
174
154
138
126
110
100
92
80
72
66
70
62
62
60
54
48
54
50
46
44
42
34
38
34
32
26
26
24
20
14
10
6
8
8
8
10
8
4
6
6
4
4
2
2
2
0
4094
4094
4094
4092
4092
2
4092
4090
4090
4084
4088
4086
4090
4090
4090
4090
4090
4088
4090
4094
0
4090
4078
4080
4080
4076
4076
4076
4080
4088
4086
4092
4088
4094
4086
4094
4090
4092
4090
4090
4094
4094
0
4088
0
4094
4094
0
4090
4094
4088
4090
4086
4090
4090
4086
4090
4084
4090
4086
4088
4086
4084
4086
4086
4084
4082
4078
4078
4080
4084
4084
4088
4086
4088
4092
4090
4092
4094
4094
0
4094
2
6
2
6
10
16
22
26
46
38
46
36
32
50
26
60
60
182
162
232
74
3862
3678
3788
3882
3938
4002
4016
4024
4022
4030
4034
4042
4042
4044
4044
4048
4046
4050
4052
4052
4054
4056
4060
4060
4066
4068
4068
4072
4076
4076
4076
4080
4084
4088
4090
0
0
4
10
22
34
40
40
40
34
36
32
34
28
28
24
30
24
28
26
30
36
38
36
38
36
40
40
38
34
34
34
32
30
24
20
20
18
18
16
16
12
12
12
10
10
12
12
10
10
10
12
12
8
6
6
4
4
6
2
2
4
0
2
14
14
10
12
12
12
16
10
12
10
10
8
10
10
4
8
4
10
6
4090
10
4090
8
4092
6
4086
14
12
6
10
12
8
8
4090
4
14
4
4092
0
2
6
8
20
18
22
34
36
52
52
44
54
40
48
38
30
40
36
4092
6
4084
4070
8
4090
2
8
4
52
120
168
220
168
4012
3704
3756
3806
3862
3970
4032
4044
4050
4062
4060
4062
4064
4072
4072
4070
4070
4074
4072
4072
4072
4072
4074
4078
4074
4078
4074
4078
4072
4074
4074
4076
4076
4076
4078
4078
4084
2
4090
18
26
38
38
40
42
44
38
36
30
28
26
24
24
26
26
26
30
34
38
36
34
36
36
34
34
32
32
30
30
30
28
24
22
20
26
18
22
22
18
16
18
18
22
20
22
18
20
24
20
22
18
18
18
18
18
10
14
0
14
18
18
18
16
14
16
20
16
16
12
16
10
16
14
14
8
12
8
14
10
10
12
14
10
10
12
12
8
16
12
12
14
8
12
10
14
20
28
26
40
42
50
36
38
52
30
30
26
24
10
4094
4088
4090
4090
4092
4094
0
6
20
38
118
178
216
268
86
3902
3738
3762
3870
3942
4004
4046
4054
4052
4062
4060
4064
4076
4048
4052
4056
4052
4050
4054
4054
4046
4052
4052
4060
4054
4058
4058
4060
4054
4054
4058
4056
4062
4064
4066
4070
4076
4094
2
18
18
28
26
36
22
26
24
22
18
24
20
18
14
18
20
20
18
14
14
8
10
6
8
10
2
18
24
38
118
240
324
264
224
32
3848
3778
3758
3676
3628
3658
3718
3688
3746
3828
3872
3968
4024
4036
4032
4032
4032
4038
4018
4084
4094
16
12
28
24
40
50
68
60
78
88
134
122
138
164
170
186
188
188
196
214
196
184
172
160
144
122
118
106
90
92
80
36
78
46
68
56
68
30
62
46
44
34
38
34
24
30
24
24
20
16
12
14
16
14
14
14
12
12
10
4090
6
2
4090
4
4066
4024
4046
4080
4086
4088
4082
4082
0
4072
4088
4080
4086
4088
4086
4086
4090
4082
4082
4078
4086
4082
4074
4092
4086
4088
4078
4082
4070
4076
4084
4078
4084
4088
4086
4084
4086
4084
4084
4084
4080
4084
4078
4084
4080
4082
4080
4076
4082
4084
4082
4078
4084
4078
4072
4076
4078
4080
4062
4082
4076
4080
4082
4080
4076
4076
4082
4070
4090
4054
4040
4048
4060
4082
4086
4060
4076
4070
4066
4090
4088
4086
4080
4080
4084
4056
4086
4092
4084
4084
4084
4092
2
6
6
24
28
30
28
32
66
148
180
180
208
3978
3644
3756
3870
3908
3978
3996
4008
4012
4018
4024
4032
4022
4024
4032
4028
4030
4024
4034
4032
4028
4038
4030
4042
4038
4044
4052
4052
4056
4056
4056
4060
4058
4068
4066
4078
4078
4082
4088
0
2
12
12
14
14
4
4094
4
8
4
10
0
0
4
4092
10
8
4092
8
4
4094
18
4074
2
0
4070
12
4094
4092
4074
2
4080
4090
4084
4082
4080
4076
4060
4072
4078
4072
4068
4056
4058
4080
4068
4072
4068
4064
4074
4070
4070
4074
4078
4076
4084
4082
4080
4084
4080
4080
4074
4082
4090
4078
4078
4080
4082
4080
4074
4082
4090
4076
4074
4074
4080
4072
4066
4084
4080
4076
4070
4064
4076
4068
4072
4056
4078
4066
4076
4062
4066
4066
4072
4070
4072
4072
4072
4078
4082
4074
4072
4068
4078
4082
4070
4086
4
14
8
16
20
26
20
16
10
38
4084
2
4084
4072
4072
4072
4054
4078
4074
4076
4078
28
68
144
194
300
62
3904
3716
3698
3796
3906
3970
4016
4044
4042
4034
4052
4040
4046
4048
4048
4046
4050
4046
4024
4058
4044
4054
4060
4066
4060
4072
4044
4066
4058
4058
4064
4058
4064
4060
4056
4074
4062
4
14
24
14
46
44
34
58
20
24
28
4
26
26
22
14
22
28
20
24
14
36
34
28
44
42
16
46
44
44
28
28
32
34
36
12
28
10
26
24
26
18
28
0
2
26
4088
16
8
24
12
4
14
4090
20
20
4
14
16
18
6
26
22
12
18
14
12
20
16
18
18
16
4094
6
24
6
4090
16
34
34
40
50
60
58
58
44
38
52
30
34
28
16
2
4094
4086
4094
4092
4092
4088
0
12
34
108
172
204
254
38
3808
3712
3754
3880
3944
4010
4032
4036
4046
4056
4056
4058
4056
4058
4060
4062
4062
4058
4068
4060
4068
4066
4068
4062
4068
4066
4066
4064
4064
4062
4066
4058
4074
4072
4078
4076
4090
4
14
24
26
26
18
20
20
18
14
18
18
18
16
10
16
12
14
14
14
14
12
10
16
10
16
10
14
10
10
16
18
52
144
252
326
222
112
4048
3810
3764
3702
3668
3626
3660
3706
3686
3716
3814
3862
3934
4004
4022
4030
4024
4032
4038
4014
4064
4094
14
6
24
28
34
36
52
70
76
90
110
122
136
152
166
182
194
204
208
202
198
196
190
184
162
156
144
126
114
100
94
74
56
94
72
84
50
52
58
60
60
60
60
52
50
40
32
30
28
32
26
24
22
16
22
16
14
10
8
6
12
12
10
12
12
8
10
10
6
6
6
12
6
4
10
10
8
8
14
4
10
10
12
16
8
16
12
12
12
10
12
0
10
4
2
4094
10
8
6
8
6
4
4
8
2
6
6
6
4
4094
2
6
6
4
6
4
2
6
0
10
2
4094
8
4094
4
0
4
0
0
4090
4086
4092
4088
4094
2
8
8
4
6
6
6
8
10
4
8
10
8
16
20
18
26
46
46
40
32
36
50
28
30
36
48
44
156
178
124
154
86
40
134
68
114
16
3678
3836
3908
4016
4030
4038
4040
4042
4040
4048
4044
4048
4052
4048
4046
4048
4048
4050
4054
4052
4052
4060
4054
4058
4058
4058
4060
4062
4058
4066
4070
4072
4088
4094
12
14
20
20
16
14
14
12
8
10
10
4
8
10
10
10
8
14
12
10
14
12
12
10
10
10
8
4
4092
4092
4084
4086
4080
4090
4086
4084
4084
4084
4078
4080
4078
4076
4078
4074
4076
4076
4078
4078
4076
4078
4078
4074
4076
4072
4076
4080
4080
4078
4080
4084
4084
4076
4074
4072
4072
4068
4072
4066
4074
4076
4074
4082
4078
4082
4082
4076
4076
4080
4080
4076
4078
4078
4076
4080
4068
4054
4062
4074
4054
4072
4068
4054
3998
16
4048
4044
4086
3972
4068
4072
4050
4052
4004
4076
4060
4074
4076
4080
4054
3978
4082
46
18
36
14
16
14
4046
4092
4054
4088
4088
4028
4058
4064
3956
4032
2
3982
4094
28
78
76
186
192
12
3678
3728
3732
3766
3932
3986
4044
4036
4000
4020
4034
3984
3988
4030
4030
3988
4024
4004
4048
4026
4024
4028
4022
4044
4032
4032
4040
4036
4030
4046
4044
4026
4028
4054
4064
4052
4062
4072
4086
8
14
24
42
8
50
42
4
38
40
20
16
8
60
16
4092
4074
60
30
20
14
52
10
58
30
4074
24
44
34
52
20
28
36
40
2
10
40
30
10
64
28
34
38
8
64
8
66
10
42
50
40
6
74
0
18
108
38
4074
50
4086
76
6
28
56
34
4088
2
4076
156
2
4080
194
24
104
84
30
82
4094
72
136
102
20
148
130
14
244
66
80
144
124
68
192
4044
24
70
24
40
84
142
0
136
130
220
228
346
26
3814
3772
3770
3876
3968
4058
4084
4070
4078
12
4082
16
0
4
18
20
10
12
2
0
64
0
16
4
10
0
26
14
2
0
6
22
18
8
4
20
16
40
28
44
38
62
46
58
62
44
44
54
52
44
56
48
24
48
36
42
48
34
54
44
54
58
48
52
60
78
178
268
328
260
58
4000
3828
3776
3766
3726
3670
3728
3770
3752
3832
3834
3884
3940
4010
4044
4042
4040
4052
4066
4050
4070
40
38
48
56
70
76
84
100
122
134
150
174
190
208
214
238
232
248
224
228
238
218
198
174
162
142
160
150
114
100
110
88
64
72
96
96
86
86
60
40
72
96
58
50
60
72
40
44
58
20
56
44
52
12
36
32
32
22
26
10
30
6
26
12
14
10
4
8
6
4
2
8
4092
2
6
2
10
4088
4086
4088
4078
4086
4084
4090
4086
4078
4084
4082
4078
2
4078
4086
4072
4060
4082
4074
4058
4072
4058
4056
4048
4064
4064
4074
4060
4072
4060
4064
4070
4072
4068
4070
4062
4078
4080
4070
4068
4074
4070
4074
4064
4070
4074
4064
4078
4076
2
4076
34
18
24
2
8
6
4094
4082
4082
4094
4068
4062
4056
4058
4
28
138
192
250
28
3896
3690
3708
3816
3870
3962
4002
4010
4024
4028
4034
4028
4042
4034
4030
4032
4032
4032
4038
4032
4038
4030
4048
4044
4050
4048
4054
4050
4058
4044
4054
4062
4060
4058
4056
4060
4068
4062
4076
4076
4090
4
6
14
16
8
20
22
8
18
8
10
8
14
16
20
26
26
32
28
34
30
22
24
32
24
28
28
22
20
22
16
20
10
22
16
10
6
12
8
6
4
6
2
4094
4092
8
16
14
8
4
10
14
4
22
10
12
14
10
16
14
10
14
6
6
4
16
4
26
10
2
8
16
20
28
36
52
64
52
28
46
48
34
42
26
6
4
4084
4090
4092
4092
4086
2
8
22
44
134
214
272
294
90
3814
3776
3782
3862
3952
4012
4050
4058
4058
4062
4070
4066
4066
4070
4070
4060
4058
4064
4060
4058
4060
4066
4060
4056
4064
4060
4060
4058
4074
4052
4066
4062
4062
4066
4062
4086
4074
4080
4
12
22
38
38
36
44
40
32
26
34
32
16
34
36
26
44
36
34
34
44
40
42
50
44
38
36
40
34
32
32
36
22
20
28
18
32
20
22
18
12
12
16
18
12
6
6
2
4
4
6
4
4
4
0
12
12
12
18
32
30
34
20
12
20
2
6
6
4090
4082
4064
4054
4056
4060
4062
4058
4068
4070
14
18
128
190
286
42
3892
3694
3722
3806
3846
3950
3994
3992
4008
4002
4018
4004
4008
4012
3988
4018
4018
4002
4018
4014
4012
4016
4020
4010
4018
4020
4010
4026
4032
4006
4020
4016
4016
4018
4034
4020
4034
4060
4038
4056
4056
4072
4066
4054
4064
4048
4044
4084
4044
4060
4060
4056
4068
4042
4060
4054
4060
4064
4060
4058
4078
4078
4076
4060
4080
4052
4084
4062
4070
4064
4056
4076
4052
4046
4084
4026
4070
4044
4064
4042
4084
4036
4046
4068
4048
4050
4062
4052
4040
4064
4052
4024
4064
4054
4046
4062
4050
4056
4068
4082
24
4060
4090
14
4080
24
4058
10
4058
4058
4062
4068
4040
4052
4026
4074
4032
4092
4034
4056
18
82
102
226
194
8
3758
3726
3746
3812
3902
3980
4012
4044
3964
4028
4062
3984
4022
4002
4026
4040
3986
4006
4032
3994
4024
4018
4028
4018
4028
4036
4046
4016
4010
4054
4020
4026
4070
4018
4028
4044
4042
4054
4036
4062
4088
4024
4064
4052
4070
4052
4030
4068
4030
4070
4040
4040
4030
4056
4048
4048
4036
4070
4060
4018
4062
4056
4022
4080
4052
4068
4072
4020
4066
4042
4034
4048
4062
4026
4024
4046
4058
4048
4052
4076
4076
4008
4078
4018
4054
4058
4022
4050
4040
4044
4046
4054
4052
4044
4054
4074
4064
4090
0
4062
2
4062
4070
4070
4068
4072
4032
4046
4034
4018
4022
4036
4036
4024
4034
4032
2
4066
74
140
244
22
4012
3704
3742
3784
3846
3940
3992
3998
4014
4024
4002
4028
4020
4020
4030
4028
4024
4026
4022
4032
4022
4026
4028
4024
4024
4028
4032
4026
4030
4026
4030
4022
4028
4036
4032
4032
4036
4046
4054
4064
4066
4078
4074
4072
4080
4080
4084
4082
4084
4084
4090
4090
4092
0
4
6
6
10
12
8
10
18
12
16
16
10
10
14
16
4
12
4
4
4
14
10
12
8
10
4
8
6
6
8
2
4
8
4
14
20
36
46
56
44
36
36
36
50
28
22
18
0
0
4092
4086
4092
4090
4094
2
0
26
22
88
166
220
214
50
3762
3812
3882
3922
4000
4048
4064
4070
4072
4072
4072
4074
4074
4066
4076
4080
4078
4080
4080
4086
4084
4082
4084
4088
4084
4090
4086
4090
4092
4092
4088
6
8
10
18
28
40
58
68
74
64
74
68
70
62
76
66
78
70
72
72
68
74
70
70
74
68
66
64
70
64
62
66
66
60
60
62
62
58
52
52
56
50
52
46
56
60
58
54
60
50
62
60
54
52
56
56
56
50
60
54
56
52
58
50
60
54
48
52
56
54
58
70
84
90
98
96
90
82
88
88
72
70
62
50
30
32
30
32
26
30
32
38
72
70
190
252
338
160
4012
3740
3808
3926
3972
4044
4084
4082
4092
4094
4
0
4092
2
4094
4094
4
0
4094
4092
0
4092
0
4
8
0
2
10
0
6
4
16
22
26
32
42
54
68
78
