# Orig_Sig
4082
4078
4084
4076
4082
4082
4090
4082
4082
4084
4086
4086
4084
4084
0
4092
0
2
4092
24
24
18
8
10
8
8
40
66
94
170
260
414
524
472
508
362
126
56
2
4088
4080
4068
4066
4064
4066
4062
4070
4070
4062
4058
4066
4058
4052
4042
4038
4032
4022
4020
4008
4006
3996
3996
3998
3990
4000
4006
4020
4026
4042
4054
4074
4080
4082
4086
4078
4078
4080
4080
4072
4078
4074
4074
4080
4082
4076
4082
0
0
4094
0
2
0
2
4
6
12
10
14
18
18
12
24
18
22
16
18
24
36
30
34
34
20
38
58
50
32
42
24
12
12
6
8
8
12
8
32
110
314
536
678
412
100
4092
86
48
4092
4086
4084
4086
4076
4082
4076
4072
4082
4070
4070
4066
4054
4066
4050
4054
4056
4058
4044
4056
4044
4048
4048
4060
4070
4068
4086
4
16
20
14
4088
4090
4074
4064
4056
4054
4054
4044
4044
4040
4040
4056
4054
4044
4052
4042
4058
4062
4044
4046
4046
4044
4056
4058
4048
4046
4050
4058
4044
4050
4040
4052
4052
4064
4064
4060
4044
4070
4086
4082
4090
4078
4092
18
38
68
146
212
368
530
550
494
468
218
46
0
4050
4000
3984
3994
3982
3984
3990
3988
3982
3982
3978
3982
3974
3978
3968
3966
3958
3950
3952
3954
3946
3936
3928
3926
3936
3920
3940
3946
3960
3970
3994
4022
4028
4028
4026
4016
4038
4012
4014
3998
3998
4006
4012
4006
4002
4006
4016
4020
4016
4026
4034
4028
4018
4032
4028
4020
4030
4042
4026
4028
4026
4022
4032
4022
4016
4028
4030
4018
4018
4020
4024
4030
4032
4032
4034
4052
4056
4056
4048
4048
4030
4038
4024
4032
4020
4024
4036
4042
4092
136
370
566
548
158
4036
0
12
4068
4048
4048
4048
4060
4052
4052
4052
4058
4056
4056
4058
4056
4060
4058
4064
4062
4056
4058
4058
4060
4066
4064
4072
4082
2
12
20
38
44
44
30
14
4
2
4092
4084
4084
4080
4072
4082
4082
4082
4088
2
0
0
4
6
10
8
12
4
14
10
8
4
2
2
4094
6
4086
4088
4090
4094
2
10
12
22
30
84
124
152
226
332
482
584
386
412
448
280
190
64
38
4064
4050
4062
4056
4056
4064
4062
4062
4062
4060
4060
4064
4050
4046
4046
4040
4036
4030
4018
4010
4000
4000
3992
3996
3996
4010
4026
4038
4056
4076
0
8
16
8
8
4
4092
4092
4086
4080
4080
4082
4086
4082
4078
4086
4092
4094
4090
4086
4090
4
4092
0
4092
10
4094
10
4088
4086
0
0
6
4094
2
8
0
8
4090
4090
2
4094
2
4086
4
6
4
0
4090
16
24
24
16
10
4094
4086
4088
4080
4068
4076
4072
4086
62
186
466
638
520
132
4038
36
30
4080
4058
4046
4048
4052
4052
4038
4040
4036
4046
4042
4028
4034
4036
4028
4024
4026
4020
4018
4022
4016
4020
4022
4034
4046
4056
4058
4080
4090
2
4086
4076
4062
4054
4048
4044
4036
4030
4022
4024
4026
4024
4026
4030
4036
4038
4030
4036
4034
4040
4044
4042
4032
4032
4034
4040
4034
4030
4028
4024
4030
4034
4020
4028
4028
4040
4036
4036
4036
4040
4070
4080
0
32
78
120
216
362
552
540
544
490
256
84
0
4064
4004
3964
3970
3982
3976
3984
3968
3964
3966
3962
3966
3956
3962
3954
3954
3952
3946
3938
3936
3930
3930
3922
3920
3918
3930
3938
3944
3968
3974
4002
4020
4026
4038
4036
4026
4012
4008
4006
4006
3998
3992
3990
3990
4010
4006
3998
3998
4000
4010
4008
4004
4006
4000
4006
3998
4004
4004
4008
4002
4004
4006
4008
4002
4014
4016
4008
4016
4010
4014
4016
4018
4026
4022
4022
4056
4054
4056
4042
4044
4032
4028
4018
4018
4016
4020
4024
4024
4090
112
364
574
486
110
4018
4092
0
4052
4030
4030
4032
4030
4030
4034
4038
4040
4036
4040
4038
4044
4050
4044
4050
4048
4058
4058
4058
4060
4068
4076
4084
2
6
18
36
48
46
38
30
18
12
4090
4084
4080
4082
4078
4076
4082
4082
4090
4090
4090
0
0
4
2
2
2
6
4
2
0
4094
4092
0
4092
4090
2
10
14
16
2
26
44
36
30
34
48
54
94
118
188
282
446
542
386
408
436
286
254
102
16
4078
4090
4082
4082
4080
4080
4084
4088
4090
4082
4078
4076
4076
4066
4058
4054
4048
4042
4036
4026
4020
4010
4010
4006
4012
4022
4038
4054
4072
4088
6
18
24
20
14
16
14
12
8
8
4
2
6
4
2
6
12
18
20
16
18
26
24
24
20
20
24
28
24
20
22
24
24
26
20
26
32
40
38
24
34
60
54
42
40
34
18
18
10
6
12
12
20
80
190
444
624
680
274
24
20
88
36
0
4090
4084
4088
4086
4084
4080
4084
4082
4084
4076
4076
4072
4074
4068
4066
4062
4062
4062
4060
4056
4062
4066
4080
4090
2
14
28
40
36
18
8
4090
4082
4074
4062
4056
4050
4050
4046
4046
4042
4042
4048
4050
4048
4050
4046
4054
4054
4048
4052
4048
4052
4048
4048
4048
4046
4050
4050
4046
4046
4046
4056
4054
4056
4048
4046
4082
4074
4068
4074
4090
14
30
72
160
256
436
490
384
366
362
174
78
18
4028
4008
4030
4026
4022
4022
4026
4032
4030
4030
4030
4028
4030
4028
4026
4018
4010
4010
4000
3992
3982
3976
3974
3972
3968
3972
3986
3996
4016
4030
4050
4066
4082
4084
4082
4074
4070
4070
4068
4062
4060
4056
4062
4064
4066
4068
4072
4078
4080
4086
4080
4080
4084
4086
4084
4084
4086
4088
4090
4084
4082
4086
4088
4084
4082
4082
4078
4082
4080
4080
4078
4088
4088
4092
4088
4080
14
22
12
0
2
4082
4084
4074
4062
4070
4074
4080
10
122
334
530
654
352
34
4026
40
8
4064
4050
4044
4044
4044
4044
4036
4038
4038
4040
4036
4030
4030
4026
4022
4024
4018
4014
4012
4016
4012
4010
4018
4026
4040
4048
4060
4080
0
2
4092
4090
4074
4070
4056
4048
4042
4042
4044
4054
4050
4062
4068
4072
4080
4080
4076
4080
4080
4080
4074
4078
4078
4076
4080
4076
4074
4074
4076
4078
4076
4076
4074
4088
0
24
68
112
200
310
460
608
496
510
478
244
116
22
4082
4040
4030
4032
4014
4030
4028
4010
4012
4000
4014
3994
4000
3994
4002
3994
3980
3970
3978
3966
3960
3960
3950
3954
3958
3970
3980
3984
4002
4012
4028
4036
4038
4024
4028
4020
4018
4014
4012
4016
4018
4016
4014
4014
4012
4024
4020
4006
4012
4006
4010
4006
4004
4004
4002
4008
4006
3998
3998
4002
4004
4000
4002
4008
4000
3998
4006
4002
4010
3990
4006
4004
4006
4010
4008
4004
3998
4000
4008
4010
3998
4002
4010
4016
4026
4022
4032
4060
4036
4038
4032
4036
4012
4016
4004
4000
3996
4004
4004
4034
26
234
472
604
258
4050
4004
14
4028
4002
4008
3988
4008
4010
4016
4006
4014
4018
4024
4010
4018
4010
4032
4014
4020
4028
4030
4026
4044
4036
4038
4048
4040
4058
4070
4070
4086
8
68
0
16
0
4090
4068
4070
4082
4068
4082
4064
4076
4076
0
4066
4076
4084
0
4088
4088
4084
4090
4084
0
4082
4090
4078
4
4094
4088
4088
4084
4
0
0
14
6
38
0
82
136
140
234
358
510
596
446
456
470
254
160
22
8
4036
4004
4030
4036
4032
4016
4020
4016
4020
4006
4008
3966
4030
3990
3968
3992
3968
3956
3942
3942
3942
3924
3926
3938
3936
3942
3972
3990
3980
4026
4054
4060
4038
4056
4058
4050
4064
4040
4088
4048
4072
4064
4092
4068
0
4088
4088
2
2
4092
22
8
24
10
38
16
10
24
64
26
2
14
28
30
46
26
44
22
16
24
70
18
4092
30
38
30
80
76
42
42
28
4090
2
36
24
4
2
34
36
158
356
542
710
434
82
4088
72
50
26
20
4092
32
4068
16
4
6
2
6
6
2
16
20
2
0
22
4090
24
4076
18
4088
26
24
30
50
62
74
90
96
94
74
46
44
38
38
24
34
4092
34
20
18
28
32
38
42
30
30
50
50
22
40
36
34
42
46
44
18
40
28
60
34
68
56
20
68
94
70
54
76
68
44
58
74
86
168
172
270
444
644
818
696
352
38
4054
50
78
52
10
32
48
14
44
16
28
36
38
32
26
44
12
0
34
14
30
4082
4080
22
12
12
12
24
4086
64
44
74
92
62
44
62
54
42
2
56
28
68
20
40
20
42
36
28
56
36
68
34
50
58
42
12
42
44
32
38
34
42
18
18
58
22
42
4
60
60
30
16
24
8
4076
24
4084
4066
4082
4084
4084
70
194
440
588
570
188
4006
4062
34
4092
4056
4078
4054
4080
4072
4064
4094
4032
4088
4080
4056
4072
4074
4050
4062
4048
4048
4040
4042
4038
4042
4044
4038
4064
4060
4066
4054
4072
4082
4058
4052
4026
4010
4004
3996
4008
3980
3984
4006
4000
3992
4014
3972
4028
4004
4012
3992
4032
4008
4030
4030
4024
4030
4046
4042
4040
4060
4062
4066
4092
4082
12
18
40
38
18
52
36
12
28
10
26
26
22
38
118
278
448
600
606
248
30
68
88
64
24
36
36
34
30
32
34
48
32
44
44
54
36
56
42
62
42
60
46
46
62
62
70
74
102
98
114
106
126
92
88
76
68
64
40
74
112
140
158
162
294
378
514
456
142
3746
3594
3614
3684
3818
3968
4074
24
26
24
50
44
72
68
80
86
98
112
100
110
132
130
154
196
200
224
248
262
298
290
288
286
254
212
156
122
118
74
36
46
2
22
22
38
4
30
28
20
20
6
12
4082
12
4094
4086
4090
4084
4092
4062
4082
4068
4072
4078
4074
4056
4084
4082
4072
4066
4080
4062
4046
4058
4052
4054
4048
4054
4040
4060
4034
4060
4060
4042
4082
4046
4026
4038
4040
4030
4026
4034
4024
4034
4040
4026
4022
4014
4072
4082
4008
3998
4020
4012
4036
4054
4044
4040
4020
3998
4012
4010
3996
3994
3972
4010
3988
4056
88
324
502
354
4090
3936
4026
4032
3970
3968
3980
3980
3998
3952
3960
3966
3914
3964
3942
3944
3968
3956
3952
3990
3996
3976
3974
3912
3930
3926
3942
3942
3968
3960
4016
4080
4030
4016
4058
4026
3970
4004
4004
3974
4006
4004
3998
3962
3968
4022
4002
4018
4000
4026
3990
4064
3982
3998
4006
3910
4022
3982
4008
4040
4076
4090
22
4086
4090
122
226
316
318
156
3668
3520
3526
3572
3652
3788
3890
3992
3982
3986
4002
4016
4016
4030
4030
4006
4012
4040
4044
4022
4068
4074
4082
52
18
18
58
94
84
120
106
116
96
14
26
8
4052
4036
4022
3998
4008
3966
3946
3956
3968
4000
3960
3972
3976
3998
3962
3982
3978
3940
4026
4042
14
106
172
398
272
178
228
150
0
4032
4080
4020
3964
3982
3944
3932
3940
3966
3934
3956
3972
3952
3990
3936
3960
3966
3938
3904
3908
3918
3880
3938
3892
3892
3902
3914
3890
3914
3934
3966
3918
4010
3962
3972
4030
3990
3982
4030
4002
3998
3988
4010
4008
4004
4020
3982
4006
4012
4022
3982
4036
4012
4012
4004
3996
4020
4022
3992
4030
4010
4012
4024
4026
4016
4008
4024
4030
3972
4018
4010
4030
4052
4004
4018
4048
3998
4034
4038
3996
4018
4014
4026
4020
4036
4006
4028
3992
4010
4044
4048
3988
4030
4044
4024
4006
4042
4030
4028
4018
4034
4056
4070
4046
4058
4042
4042
4022
3990
4036
4018
3990
4020
4036
16
106
362
530
372
22
3996
4088
4046
4026
4032
4024
4018
4006
4024
4022
4002
4014
4026
4004
4010
4014
4012
3988
4018
4018
4002
3996
4022
4006
3998
3998
4018
3994
4032
4006
4006
4028
4046
4070
4062
4052
4034
4046
4030
4044
4028
4024
4034
4040
4032
4038
4046
4038
4044
4030
4040
4040
4026
4034
4030
4032
4022
4040
4024
4030
4042
4038
4054
4052
4012
4070
4086
4072
4056
4060
4060
4048
4032
4034
4034
4050
4024
4036
20
148
302
488
468
132
4060
14
12
4064
4034
4038
4034
4030
4034
4028
4038
4034
4044
4044
4038
4048
4060
4058
4044
4042
4046
4052
4060
4062
4072
4076
4058
4076
16
0
4084
32
26
4094
8
4086
4090
4088
4076
4074
4070
4086
4092
4072
4086
4076
4088
4094
4066
4080
4078
4074
4086
4082
4078
4084
4086
4088
4084
4074
4090
14
4066
4094
4078
32
22
28
2
18
4094
4088
4078
4076
10
4060
4080
0
62
220
402
596
422
128
0
122
22
8
4
4056
4080
4068
4074
4092
4078
4084
4086
4092
4080
4082
4090
4078
4094
4078
4086
0
4080
4080
4086
4090
0
0
20
24
40
50
46
40
32
14
6
2
6
4088
8
4090
14
4
8
12
22
18
26
18
30
28
30
22
24
30
24
24
18
18
32
36
48
26
50
80
68
66
50
54
34
42
14
16
8
36
14
48
152
348
530
612
306
78
90
108
50
24
4
36
24
26
18
26
24
30
34
34
26
36
34
30
20
28
36
30
30
28
34
38
32
56
60
60
94
74
62
58
42
42
24
30
22
14
30
18
26
10
38
16
32
28
26
16
34
40
28
30
50
86
78
162
222
64
3936
3782
3740
3698
3802
3816
3840
3820
3892
3916
3922
3952
3974
4000
52
78
80
108
110
160
154
190
220
276
272
318
352
378
404
430
450
464
460
454
460
420
392
354
276
244
228
152
126
108
86
74
54
38
44
34
46
28
26
26
22
22
12
4
10
6
4
4
4082
0
2
4078
4088
4072
4090
4084
4074
4078
4076
4088
4064
4074
4060
4072
4088
4072
4088
4084
4080
4088
8
4094
0
4064
46
44
28
14
16
12
4094
4078
4070
4074
4072
4070
4082
58
152
386
558
558
164
4084
64
48
0
4070
4076
4066
4064
4046
4070
4054
4068
4052
4044
4034
4044
4032
4024
4022
4014
4006
4012
3996
4000
3990
3982
3988
3990
3998
3992
4016
4016
4038
4030
4036
4026
4030
4028
4030
4018
4026
4030
4022
4036
4048
4044
4050
4050
4062
4060
4064
4068
4060
4056
4076
4066
4056
4072
4072
4070
4074
4072
4068
4060
2
8
4094
4092
4084
4074
4064
4060
4046
4048
4040
4052
4052
4056
60
226
394
546
324
46
4060
76
4072
4050
4050
4044
4042
4046
4040
4044
4046
4044
4044
4044
4046
4050
4054
4048
4054
4046
4050
4054
4054
4048
4060
4072
4076
4080
4092
2
18
24
16
0
4094
4084
4080
4074
4068
4074
4074
4074
4072
4078
4084
4082
4092
4088
0
4088
4094
4092
10
4090
0
0
2
4092
18
56
70
156
188
4006
3862
3756
3712
3684
3752
3756
3784
3772
3836
3848
3872
3912
3956
4028
26
60
76
96
114
132
154
174
212
232
278
318
360
378
410
440
448
454
460
444
440
408
376
336
284
246
200
152
112
90
66
50
36
22
22
16
10
6
8
4094
4094
4084
4090
4090
4086
4084
4088
4080
4082
4074
4080
4072
4070
4064
4070
4068
4064
4062
4056
4060
4058
4046
4048
4042
4046
4044
4046
4034
4038
4028
4070
4066
4056
4046
4042
4032
4024
4012
4006
4016
4016
4020
4044
48
196
424
532
282
28
4038
50
4082
4058
4024
4034
4038
4028
4034
4038
4036
4036
4030
4028
4034
4032
4022
4024
4020
4018
4020
4012
4012
4004
4006
4016
4018
4018
4022
4050
4060
4068
4082
4082
4080
4076
4058
4060
4056
4052
4050
4050
4052
4048
4048
4058
4050
4050
4052
4060
4058
4056
4064
4056
4050
4050
4042
4044
4048
4048
4042
4044
4044
4038
4044
4074
4066
4054
4052
4052
4032
4030
4018
4018
4014
4016
4018
4036
36
198
364
500
254
4070
3990
22
4048
4014
4006
4004
4000
4000
4002
4008
4000
3994
3998
4000
4002
4012
3994
4002
4010
4000
4004
4004
3998
4012
4012
4020
4024
4034
4048
4062
4062
4054
4054
4052
4040
4032
4016
4022
4024
4018
4020
4020
4030
4042
4060
4078
18
38
32
108
188
360
440
418
3992
3638
3548
3584
3660
3828
3954
4044
4062
4052
4076
4092
4076
4072
4088
2
4092
12
16
22
40
48
60
90
100
134
140
164
188
194
194
192
166
116
80
32
4092
4066
4042
4026
4016
4008
4008
4004
3990
3992
3974
3974
3980
3970
3968
3964
3964
3962
3954
3948
3950
3944
3950
3942
3942
3944
3952
3950
3956
3952
3956
3964
3968
3962
3968
3968
3974
3976
3986
3984
3990
3990
4000
3998
4000
4012
4014
4018
4050
4076
22
64
150
236
386
414
282
342
304
164
110
82
6
4030
4024
4026
4008
4018
4016
4022
4018
4024
4024
4020
4022
4014
4014
4010
3996
3996
4000
3986
3970
3970
3962
3964
3958
3962
3968
3980
3986
4016
4028
4058
0
38
62
82
118
258
392
388
10
3688
3520
3566
3652
3860
3990
12
32
36
46
58
62
62
58
62
92
112
112
152
172
202
228
246
268
282
300
304
296
306
286
250
210
166
114
68
48
32
16
4094
4084
4082
4080
4070
4074
4060
4060
4056
4052
4052
4050
4052
4048
4048
4044
4048
4052
4052
4050
4054
4056
4060
4060
4060
4060
4064
4072
4076
4070
4078
4084
4084
4082
4086
4092
4094
4092
4090
4094
4090
4092
4092
0
4094
4094
0
0
4092
4092
4090
4094
4092
4088
4086
4090
4082
4084
4082
4084
4078
4082
4076
4084
4076
4070
4078
4070
4070
4066
4068
4070
4070
4074
4076
4078
4072
4
14
4
4088
4090
4084
4062
4058
4050
4044
4046
4050
4050
4072
78
240
408
532
230
4070
4048
50
4062
4036
4034
4034
4024
4018
4018
4028
4010
4016
4012
4020
4018
4014
4010
4018
4022
4018
4016
4016
4010
4020
4014
4016
4020
4024
4028
4026
4034
4054
4066
4080
4086
4082
4092
4092
4082
4072
4074
4070
4080
4082
4070
4076
4068
4074
4080
4066
4064
4066
4068
4066
4066
4054
4056
4062
4062
4054
4058
4062
4056
4064
4060
4062
4066
4078
4082
4072
4086
8
20
14
0
4
4092
4092
4078
4066
4076
4084
4076
14
126
280
450
542
254
34
4068
84
8
4068
4064
4062
4060
4056
4046
4050
4046
4036
4046
4036
4034
4028
4032
4034
4028
4014
4018
4012
4018
4006
4014
4016
4024
4030
4030
4042
4064
4060
4074
4062
4012
4032
4036
4032
4030
4036
4034
4044
4054
4054
4060
4068
4080
4070
4082
4078
4084
4092
4088
4088
4092
4094
4090
4094
4092
12
2
16
6
24
38
40
24
36
22
2
6
4094
4092
4082
4090
14
92
224
408
524
440
102
4034
50
52
26
6
4
6
4090
6
4
8
10
2
10
20
14
10
4
18
10
8
6
4
8
8
10
24
26
46
40
56
62
76
72
62
50
44
32
30
28
24
14
14
16
20
16
8
12
6
4
4090
4094
4090
4090
4078
4072
4070
4062
4060
4052
4056
4046
4048
4048
4032
4056
4070
4058
4048
4044
4032
4022
4016
4008
4006
4018
4020
4040
28
152
376
478
370
36
3972
4082
4086
4064
4046
4046
4044
4050
4050
4052
4048
4056
4052
4060
4058
4058
4062
4062
4064
4060
4056
4056
4064
4060
4058
4068
4070
4086
4086
6
24
28
32
32
12
4
4088
4088
4090
4078
4084
4082
4082
4084
4078
4086
4082
4082
4086
4082
4082
4086
4084
4076
4084
4066
4072
4070
4064
4070
4070
4076
4068
4068
4086
2
4
4090
4080
4082
4068
4058
4046
4032
4042
4050
4060
4062
74
212
390
536
266
4074
4032
42
4080
4050
4046
4040
4032
4034
4034
4034
4028
4034
4034
4032
4026
4028
4022
4024
4020
4016
4012
4020
4014
4016
4018
4018
4020
4038
4038
4056
4068
4072
4064
4058
4054
4044
4048
4046
4042
4050
4044
4050
4054
4056
4060
4060
4062
4068
4062
4066
4064
4070
4070
4064
4066
4058
4070
4064
4062
4072
4078
4080
4080
4082
18
24
20
8
6
4090
4092
4076
4080
4078
4080
4080
32
138
300
454
544
260
