# Orig_Sig
4070
2303
4070
1703
2018
767
4072
1727
4068
1791
4074
1711
2026
3327
4078
3255
2
3839
4090
3776
2072
3327
4084
2072
10
7
2028
2663
2030
3079
2026
1591
2018
2567
2020
15
2002
255
4064
223
2004
3839
4064
3783
1998
2815
4062
1223
2060
2815
4046
2303
3820
1030
1694
1662
1698
2302
1778
695
1814
3831
3924
55
1854
1271
3994
2703
1980
3311
2026
3239
2068
3832
2088
1560
2112
2048
68
1168
2128
1024
70
2800
2144
512
82
3600
106
1544
2134
248
2172
1544
2146
1600
142
8
2154
3232
150
3592
2154
208
130
1032
2130
2184
2136
2056
2100
1568
2094
1544
24
3744
2068
0
10
1096
2058
2560
2
32
2060
3072
2
512
2056
1543
2
1544
10
2296
4
8
2058
2048
4094
1272
2060
1536
12
3320
42
2560
30
2568
2100
0
20
136
28
3584
2
152
6
512
6
3151
2034
3079
2042
2583
4074
3327
4086
2295
4074
1791
4090
3815
2018
2815
4084
1232
2010
1279
1948
2158
3794
518
3786
2670
3802
2302
3878
2079
3880
3839
3956
3119
1892
759
4038
3159
4072
3311
10
2096
2106
1272
2112
544
2148
1536
88
1216
114
1024
86
2272
2176
2048
98
1040
2194
1032
2148
1560
2212
3080
2158
592
182
1544
2168
1672
170
1032
2162
2200
134
1544
2126
1112
2134
520
2092
200
2088
3584
16
2656
16
3584
4
552
6
1536
2048
248
8
2296
2052
216
2052
1272
0
760
2052
767
2052
240
2050
760
2048
3832
2060
1272
2056
240
2094
1272
2068
2560
2092
1024
4
96
2066
7
2040
1664
4090
3079
2036
1551
4074
1031
2028
2815
2018
767
4076
2263
2020
255
4070
1255
4062
767
4080
703
1932
255
1852
2134
3784
2302
3780
2622
3836
767
3892
2143
1828
2815
3954
1719
1900
1783
4040
3199
4064
2799
6
2120
2118
760
68
584
2134
1024
64
3736
98
1536
66
1224
2156
512
66
2272
122
8
2126
8
2190
1032
2134
1080
152
2568
2140
2664
2190
520
2126
1688
102
1544
2100
2600
54
1544
20
2224
8
1536
2042
1071
4086
767
4070
2807
2024
3327
4062
1215
4074
2815
4066
167
4070
1791
4066
183
2022
2303
4064
3255
4070
767
4058
3239
4078
1279
4070
671
2064
2303
4078
1184
2062
2815
4064
2591
4080
1543
1996
575
4032
1543
1960
1031
3992
255
3968
215
1858
3327
3950
3222
3832
3303
3924
543
3902
1759
3972
31
4070
3303
2014
3103
4076
3591
2008
3223
4074
3591
2006
2223
4084
1543
2006
1191
4084
3079
2006
1743
2044
3591
2004
1543
2048
3591
2002
247
2040
15
4042
1543
4082
15
4036
31
2024
2063
4036
1551
2026
2055
2000
743
4070
7
2002
2159
4058
3079
1998
3319
2010
2815
4042
2231
2010
2303
4038
2175
4054
255
4040
1143
2004
767
4036
1135
1994
3327
4034
655
1990
2303
4026
2663
4040
3327
4024
1639
4034
1279
4024
1639
1988
1279
4022
2175
4040
2303
4022
1623
1996
1279
4038
599
4076
255
4046
607
4080
3839
4028
1247
4048
2815
4012
3831
1982
3839
4014
3735
4008
1279
4002
639
1962
2815
4002
575
1956
2303
4002
63
1968
767
4020
2647
1870
3327
3774
198
1700
1790
1658
2206
1764
758
1782
3678
1792
1783
1848
1199
1864
3823
3966
1759
4010
1263
1976
2783
2044
3839
4076
160
6
1279
2034
240
18
767
2038
2072
32
1031
2040
3664
44
1024
2
2168
68
3584
16
152
2132
2560
20
1256
2130
3584
14
760
2100
519
2032
152
2
1543
1992
551
2012
255
4020
1215
4030
1791
4002
2647
4018
255
3990
1559
1966
3839
3994
1775
4014
3831
1946
3311
1966
3831
1946
2791
1970
759
1946
239
1986
3319
1962
223
2014
2295
1962
1047
4038
767
3994
2679
4008
1279
3986
2175
1952
1279
3984
3327
1928
1791
3978
3311
3976
1783
1930
2775
1924
3319
1926
2279
1974
3319
1928
726
1698
2814
3704
1230
3706
3830
1720
3142
1742
2294
1792
1230
1768
3319
3898
1735
1884
3815
1932
3127
4012
3823
1988
3119
4074
2815
4070
2743
2034
767
4074
2255
2040
3839
4076
736
2054
2815
2038
2088
2068
1543
2046
1104
2080
0
8
1664
36
0
6
680
14
1031
2034
1703
2028
3079
2000
1583
4036
2055
4020
3247
4010
767
4006
591
1952
255
3998
3631
3996
2815
3996
3623
1950
3839
4002
255
3996
3839
4002
543
1948
255
4000
551
4000
767
4000
1063
1970
1791
4014
39
4046
2815
4016
39
4034
2303
4006
1255
4008
2303
3998
1215
4002
3327
4004
111
1936
3839
3996
3159
1934
3327
3996
1591
3980
2303
3986
1071
1968
1279
4012
2615
1722
3838
3724
654
3684
1782
1704
3294
3782
758
1788
1630
1760
3327
1854
3239
3914
751
1938
1615
4004
2287
1994
2071
2052
1791
2052
1784
16
512
8
2064
30
0
18
616
42
512
24
2712
62
1024
32
1728
2132
2048
46
0
90
2056
2096
3128
72
2568
2080
2096
28
3080
0
2263
2034
519
2022
3159
2000
2055
2002
3815
1988
3327
4042
2711
1980
3839
4044
2711
4030
3839
4042
3223
4034
767
4046
3719
1984
1279
4048
175
4038
3327
4050
1711
2008
767
4066
1215
4078
3839
4056
3087
2014
3079
2002
87
4036
1543
1996
71
4030
7
2002
3823
1968
767
4044
3791
1970
767
4044
3791
1972
3839
4046
191
2018
1279
4054
1743
1768
1542
1696
2262
1708
3326
3808
3630
3846
255
3896
703
3874
1279
1916
3839
1930
1263
4052
2287
4054
2295
2062
3096
46
3072
64
176
52
2560
64
2248
72
3584
2130
1568
2138
8
2142
600
112
2056
2152
3736
138
3080
2162
200
2196
3592
108
1544
126
16
86
2560
84
520
2096
1160
36
520
2064
1536
2
2048
2044
1687
4082
519
2032
583
4080
3591
2032
567
4082
7
2042
3087
4084
1536
2
1095
4088
3584
8
2679
2044
512
10
3208
2068
0
16
3672
2094
3072
18
720
2070
2048
2066
544
2050
8
18
1271
2040
1024
22
1199
4040
2560
20
1231
1986
1024
18
1191
3966
2560
16
711
1818
2288
10
2151
3946
216
2058
639
2062
3304
30
192
28
520
2080
1184
2088
3080
2086
1736
2096
1032
2092
2792
2100
2568
44
544
2110
16
48
560
68
1040
52
576
68
1040
50
3704
64
16
42
2720
2108
3088
42
3200
60
3600
52
1592
2110
3088
64
1032
58
2568
2118
2200
2104
1544
2120
2104
54
2056
2120
2072
2106
2568
2124
2592
52
2056
2122
3096
60
1544
2122
1552
56
2056
2120
2048
54
2568
2120
2600
2102
2568
2118
2616
66
2056
2124
1064
2134
3080
2142
520
108
8
2138
2704
86
1032
2124
3296
2112
8
2126
160
2104
8
2120
1104
2094
8
2120
2112
2096
8
2120
2128
2088
1544
2118
3152
76
2056
2058
1191
3852
23
3860
2814
1816
3591
1920
191
1884
2055
1988
151
1946
3839
2066
2599
42
760
2142
2704
2188
1032
2204
2232
178
1544
170
56
2238
3600
174
64
208
1040
188
3168
2274
3088
196
2712
2292
16
206
1193
2316
3088
218
1737
2310
3600
212
3808
2276
528
186
3792
176
1552
152
1160
2186
3088
130
3128
2158
1552
124
1536
98
8
2164
1264
90
3592
2160
728
2142
8
2162
3264
2144
8
2160
688
96
520
2160
208
2156
1032
2162
3784
144
3080
2186
672
2194
2568
124
40
122
2064
112
1112
2142
2576
108
2064
2130
3080
2146
200
2118
2568
2142
3736
72
1544
2142
2224
62
1544
2142
2696
2056
3080
4050
231
3844
2575
3874
2254
3902
3591
1936
2703
3952
3599
4052
167
4040
3832
2092
2808
74
3320
2156
3744
166
520
2222
3784
200
2056
186
3696
2260
2064
192
608
230
2576
202
1168
244
3088
208
1225
260
3088
212
3817
280
1560
2274
3089
2314
1048
2260
3608
2276
1048
184
240
180
2064
156
1152
2188
528
130
3320
2170
2568
2170
2208
2162
520
2164
1688
118
8
2164
632
114
520
2162
584
2162
8
2162
3696
110
8
2158
128
128
1032
2168
96
2212
1544
2182
2176
152
3592
2166
208
2172
520
108
2072
104
2576
2152
2728
2136
1032
2142
3680
2130
1032
2142
2632
80
520
2138
2632
2138
3592
2150
1096
2052
3080
3994
1199
1842
2575
1822
1703
1910
7
4008
3287
3996
519
2018
1751
4076
760
44
1152
2128
1776
2150
1600
2212
1536
2214
2696
2238
520
2220
3832
2248
3600
176
3616
216
3600
180
1608
236
1040
190
656
250
528
192
2217
270
3088
200
729
2300
528
184
736
210
528
160
1176
2208
3088
124
528
2166
2056
2150
3704
2140
2056
2138
1072
2130
1032
82
1776
80
3072
80
3816
78
3584
78
2776
2128
0
76
2760
78
512
76
3800
2148
512
90
232
2170
1536
82
240
102
8
2116
88
68
1032
2108
2656
64
1544
58
1760
34
2048
42
3232
2088
1024
40
2192
32
3072
36
2208
2130
2560
44
1175
3898
3591
3834
1758
3776
518
3858
1687
1858
2815
3962
47
1880
519
4018
2727
2014
2295
2068
3624
54
2800
2122
2104
134
2560
112
1040
2196
1032
2162
56
2202
8
2164
2128
170
3592
2170
3728
186
3592
2182
1216
202
3592
2182
2768
2258
3088
134
248
2228
2064
112
2296
132
2056
2128
672
2134
1032
2092
1536
48
2560
26
1664
32
2560
14
3640
24
2560
12
2592
2070
1536
8
2080
20
1024
4
1536
2064
0
4
1040
20
2567
10
2584
42
2048
18
512
2102
0
8
40
2074
1031
2040
1152
6
2055
2028
119
4030
1031
1976
2639
2010
519
4024
1743
3880
2815
4016
1087
3854
2279
3962
2575
1920
1759
4032
1120
4
751
2034
208
2050
1031
2030
2752
4
3079
2026
3280
4
2055
2026
3304
16
519
2028
2768
2062
519
4072
1248
2062
519
2018
3592
2058
15
2006
536
2046
3599
4046
2055
2038
1551
1994
2815
2034
3591
1996
687
4076
7
2006
2631
2026
1543
2008
1247
4074
2303
4052
655
4072
767
4050
687
2014
2815
4044
3695
2016
3327
4044
2679
4058
2303
4040
2183
2008
767
4036
1135
1998
255
4030
3687
2000
1791
4030
3639
2002
1791
4028
3687
2012
255
4038
3167
4092
2815
4038
1095
2026
767
4024
1199
4044
3839
4014
735
4036
767
4018
3191
4012
767
4004
2135
1966
3839
1956
1055
4012
2807
4000
767
4042
3831
4020
1575
1852
767
3782
702
1646
2302
1670
22
1768
3822
3846
2102
1790
247
3898
1599
1872
2791
1914
1631
1976
3823
4022
583
4094
759
4064
3632
2062
3839
4066
184
26
3839
4068
2264
42
7
4080
520
60
3591
2040
3136
76
512
4
1624
88
1536
8
3208
70
3591
2040
3704
30
3591
2010
3631
4074
3079
4024
1223
1996
255
4000
3631
4022
3327
3990
1263
4014
3319
1942
175
4008
2807
1940
3767
1960
2295
1934
3247
1960
2807
1934
3735
1964
759
1940
1191
1984
1271
1954
2215
4046
3831
1946
3311
1974
1279
3980
3631
1956
3839
3978
2087
1944
2807
1930
3791
1918
759
1912
3199
3970
759
1916
2135
3968
3831
1914
3679
4012
2807
1900
1158
1656
2806
1636
62
1626
2798
3740
1558
1718
238
3812
2790
1762
2799
1828
3095
3940
3295
3948
151
1966
1775
4008
3151
2032
1271
1994
3319
2042
3327
4048
3624
6
255
4050
1080
2074
3327
4058
88
2100
767
4074
2184
56
3327
4072
3808
58
255
4070
3832
28
3079
4048
1175
2028
255
4018
1663
4026
767
3994
535
4008
3831
1930
3191
3992
1271
1932
3127
1940
1271
1930
2639
3982
3831
1924
1639
3986
3831
1926
1607
3984
759
1926
1623
1940
2295
1930
3175
1968
3319
1940
2127
1980
3319
1936
3183
1956
3831
3976
1279
1932
2815
1924
743
3970
2295
1920
3191
1906
1271
1910
1599
1906
1783
1914
2111
1904
247
1908
3135
3964
2295
1856
2686
1644
246
1660
1214
1644
750
3768
2078
1724
750
3840
1230
3830
2791
1862
3287
1902
1759
1930
2791
1990
2287
1990
615
2040
3319
2012
3103
6
2303
4064
576
2068
2815
4072
3176
40
3327
4086
2208
2110
255
2052
224
2116
1784
8
1560
2110
1536
2046
3120
2068
1031
2018
2799
2022
1791
4040
663
1984
2303
4020
3607
1964
1783
1954
175
4006
759
1952
111
1954
759
1956
663
1952
759
1954
647
4002
247
1958
1143
1956
2295
1958
2695
1970
2295
1970
2695
4056
759
1982
2223
4046
759
4022
3111
4020
2815
4012
2631
1960
767
4012
2279
3988
1783
1952
1223
3986
759
1954
1167
1940
1271
1958
655
4008
2295
1976
3247
3866
2295
1776
3654
3698
1782
1688
230
1732
1774
3840
734
1766
247
1856
135
1848
2791
1932
2807
4008
743
4042
519
2066
2800
18
1032
2084
2296
2072
2208
48
1272
2078
200
64
2808
2082
3312
92
2560
56
3120
106
1536
74
2648
126
2560
72
3224
2154
512
58
680
2116
1024
28
72
2068
1536
2044
255
4074
1791
4060
2695
4064
2815
4054
1039
2008
1279
4054
2807
2008
1783
2016
527
2008
3319
4070
2071
2008
2295
2020
1543
4064
1791
4072
3087
2042
3839
4086
3096
14
3839
4086
616
2044
767
4072
2247
4066
767
4070
159
1974
3839
4038
143
1952
2303
4008
3167
1900
3839
1936
3766
3834
1263
3970
3239
1870
3287
1960
2063
2042
1255
2056
1600
4
1784
4
1616
10
3584
8
2104
18
1536
16
3696
30
1024
18
1176
2084
2048
20
1232
2090
3072
20
1184
2088
2048
16
3304
2086
1024
10
2064
2082
3592
2054
1536
28
3584
10
184
2076
3072
28
3200
2076
2560
30
24
2072
2296
2076
200
2074
2808
2080
3744
28
3832
2082
672
2072
2808
2078
672
24
1784
2076
160
2076
2808
2080
136
26
2296
2078
176
26
3320
2080
680
2074
2296
2078
1192
52
3320
2092
1200
2132
3832
2106
176
80
760
50
3144
2100
3072
36
1632
38
512
42
1776
2068
248
34
3800
18
1272
2082
192
16
760
2080
3768
34
2296
2096
2240
1934
2815
1866
3686
3774
2814
3820
2758
3886
3831
1906
3279
3930
2815
1980
1599
1988
1775
2066
2656
46
1256
76
640
146
1272
136
2656
2202
0
138
2744
166
2560
142
744
186
0
2204
3112
204
520
2210
2136
224
1544
2222
3720
234
2568
2226
3768
224
1032
2212
3280
2230
2568
2182
3728
138
3080
2154
528
102
3592
82
168
78
3072
66
616
68
2048
64
1056
70
1024
68
8
70
2048
68
2064
70
2560
70
2096
74
2048
76
1568
106
0
92
1056
120
1024
86
160
2146
2048
72
744
74
512
68
672
60
3584
62
1112
46
512
54
2072
2090
3584
54
1584
2090
512
2096
1032
2114
2560
2042
3135
1828
3078
1764
1662
3864
3839
1874
175
3948
759
4016
23
4000
1783
4090
143
2082
2280
68
704
118
3320
122
3168
2202
3584
138
3824
2216
2568
2194
512
178
3080
2196
2120
192
1032
2208
152
214
2568
2216
3208
2276
3592
2226
3288
2270
2568
170
1776
2246
520
2196
1760
2204
2568
2162
2136
2162
2056
2138
216
88
2048
78
3192
2130
3584
72
1640
2130
3584
70
1584
76
2048
70
1608
74
3072
70
1592
2124
2048
70
1632
86
512
78
1576
114
3584
78
3120
2152
3584
70
688
2128
2560
2112
536
64
2048
62
2144
2098
3584
58
1576
2090
3072
52
16
2090
1784
46
3608
102
1536
62
2655
3908
519
1786
1662
3758
2303
3860
3191
1866
759
1932
23
1896
2815
1994
3799
4078
1256
2080
648
2120
2800
2132
2080
2204
0
128
688
2216
3072
128
1768
182
3080
2184
2568
2250
3080
2192
1616
214
8
2202
144
2284
3592
2214
1728
2282
1032
2210
2752
212
1032
2190
1240
2212
1032
2156
1136
116
520
2126
1768
2132
3584
62
2128
2120
512
56
1056
64
0
52
1584
2108
2560
46
0
2108
3072
48
3824
58
2048
48
16
2108
760
2098
2080
2124
3072
60
1544
96
1024
56
2072
78
2560
48
3240
2102
0
40
1704
42
2048
34
3608
20
512
26
2288
22
760
2074
2280
2064
2808
2068
2264
2114
1784
2060
239
1800
1031
1760
1742
1732
766
1822
1231
1860
3319
3972
2167
3942
2295
1984
3695
2020
2287
2062
208
62
752
2120
3816
124
3584
104
2192
2182
2048
104
3280
144
2048
110
208
158
1536
2166
2592
2222
520
2174
584
192
520
2182
1672
192
1544
2180
2728
2210
1032
2154
144
116
1032
2120
3608
70
2560
40
3720
2092
2048
26
1576
32
3072
22
1264
26
2296
2064
736
28
3832
2066
216
2066
248
2060
2792
2074
248
2062
3800
28
1272
2068
3288
46
248
2080
1248
60
1272
28
64
38
0
14
1176
14
3584
2046
583
4048
519
1994
567
4062
7
2022
1695
3922
767
4072
567
1850
735
1972
2287
1936
3295
4064
1671
2058
2280
8
1248
12
2560
6
1184
2060
2560
4
1768
16
3584
4
1760
14
0
4
1256
2070
1032
2
3600
20
3079
2040
1576
6
1039
4078
2560
2050
1039
4070
1536
2054
1039
4078
3616
6
1543
2038
3080
10
2567
2
1160
2056
1536
8
1584
10
2048
10
1056
2052
1272
2048
224
0
255
4092
3815
2046
3839
4088
2759
2040
2303
4090
1743
2038
2303
4088
1751
2040
767
4086
1231
4084
255
4082
151
2038
3327
4086
2728
2056
3832
2052
2256
30
248
4092
3808
2056
3079
2032
1031
2038
2055
2034
599
4076
255
4076
2303
2014
255
4072
1727
2010
2303
4068
1191
4056
1279
4064
3728
2032
2303
4030
759
3792
3078
1736
598
3770
3318
1802
2071
3866
247
3932
79
3910
247
4002
3111
4034
3303
4068
1551
20
1264
2078
168
78
3832
54
1664
2136
3072
58
1728
2148
2560
62
208
124
0
72
2056
2186
520
2128
568
150
2568
2136
2696
2202
1032
2132
648
2178
520
2116
2672
86
1032
2088
3120
2086
1024
10
704
2052
519
2038
2095
2038
2055
2032
3831
4078
255
4078
3783
4080
255
4078
3799
4082
767
4076
711
4082
255
4082
199
2
1791
4092
192
38
1272
2056
3296
28
3591
2042
592
2046
1031
2030
3183
2028
2055
2028
2815
4054
1791
4066
1031
2008
1279
4066
1199
2008
255
4066
191
4088
3327
4088
1215
3850
3839
1778
590
3710
2302
3806
214
3838
3319
1858
3143
1820
255
1924
1223
1944
2799
4058
87
2042
3319
14
1704
2134
1784
68
568
2140
0
68
1712
102
3584
74
3824
2168
3584
80
1552
2184
1032
2140
48
158
8
2150
1672
2218
520
2152
680
2190
520
2130
3232
2146
8
2106
3616
2102
3072
32
1704
2076
1536
14
3136
12
2048
6
1544
2058
2808
2052
1248
6
1784
2056
208
6
760
2052
208
8
1784
2054
1256
2058
1272
2056
216
2082
1272
2074
3816
2098
3832
18
3144
2076
1536
6
1664
10
2048
4
1112
2050
2048
0
3103
4082
1031
4094
3815
4084
767
4094
3799
4078
3839
4092
2792
4088
1784
4040
1063
3824
3078
1734
3198
1784
254
3886
519
3902
2303
3962
79
1908
3319
4036
3687
2030
2287
2066
3704
60
1784
2120
3120
100
1536
96
200
2160
1024
2150
2296
126
1536
106
544
142
1032
2166
2632
160
1544
2176
640
178
1544
2188
2744
178
8
2184
752
2202
3592
2160
1240
2164
1032
2132
2648
74
1032
2106
1768
2096
2560
40
2696
2084
1024
42
1568
2082
1024
40
1560
2082
1024
42
2600
2080
1024
40
2624
2080
1024
40
3120
2100
2560
58
2600
82
0
68
1624
2124
0
52
3792
50
1024
42
1248
2074
3072
40
2160
2052
1536
32
592
2050
1024
32
1584
4
1536
34
39
18
2560
54
3120
3980
2567
1846
2302
3760
518
3826
2079
1836
247
1914
1735
1866
2815
4036
71
4036
3816
2076
232
2082
1776
2128
1048
106
0
122
3816
126
3080
2174
3104
134
3080
2178
1600
2194
2568
2186
3752
2210
3080
2194
2776
186
3600
162
544
198
1552
164
96
2232
528
150
3168
2200
1040
116
2800
106
8
2138
88
74
1032
2118
744
2108
2048
62
3704
50
512
60
3712
52
512
60
3144
46
512
60
3144
2098
0
60
3168
60
1024
64
1640
2138
2560
80
48
2144
1536
68
3816
2124
2560
60
760
42
1024
38
2247
2032
0
2042
1152
24
1536
2042
1567
3920
3320
8
2791
1912
1239
2016
1071
2058
216
58
2608
