
1915.93
1911.05
1896.38
1896.38
1896.38
1891.50
1891.50
1906.16
1896.38
1886.61
1891.50
1881.72
1886.61
1881.72
1881.72
1876.83
1871.95
1876.83
1867.06
1871.95
1862.17
1867.06
1862.17
1862.17
1862.17
1857.28
1862.17
1852.39
1857.28
1847.51
1857.28
1847.51
1842.62
1842.62
1827.96
1837.73
1823.07
1827.96
1823.07
1818.18
1823.07
1813.29
1818.18
1808.41
1818.18
1808.41
1813.29
1813.29
1808.41
1813.29
1798.63
1808.41
1793.74
1798.63
1793.74
1798.63
1793.74
1788.86
1793.74
1783.97
1788.86
1779.08
1783.97
1779.08
1779.08
1779.08
1769.31
1774.19
1764.42
1769.31
1764.42
1764.42
1759.53
1754.64
1759.53
1754.64
1764.42
1754.64
1759.53
1744.87
1739.98
1749.76
1739.98
1749.76
1730.21
1744.87
1735.09
1735.09
1735.09
1730.21
1735.09
1720.43
1735.09
1720.43
1725.32
1720.43
1725.32
1725.32
1715.54
1725.32
1710.66
1720.43
1710.66
1715.54
1710.66
1700.88
1705.77
1691.10
1700.88
1686.22
1691.10
1686.22
1686.22
1686.22
1681.33
1691.10
1676.44
1681.33
1676.44
1676.44
1676.44
1671.55
1676.44
1661.78
1671.55
1661.78
1666.67
1661.78
1666.67
1661.78
1652.00
1661.78
1652.00
1656.89
1652.00
1652.00
1647.12
1647.12
1652.00
1637.34
1647.12
1642.23
1647.12
1637.34
1637.34
1637.34
1632.45
1637.34
1627.57
1637.34
1627.57
1637.34
1642.23
1632.45
1627.57
1622.68
1627.57
1617.79
1622.68
1612.90
1617.79
1617.79
1612.90
1617.79
1608.02
1612.90
1608.02
1612.90
1608.02
1603.13
1612.90
1603.13
1608.02
1598.24
1608.02
1608.02
1598.24
1603.13
1588.47
1598.24
1583.58
1593.35
1583.58
1588.47
1578.69
1573.80
1578.69
1573.80
1578.69
1568.92
1573.80
1573.80
1573.80
1573.80
1564.03
1573.80
1564.03
1568.92
1559.14
1564.03
1564.03
1554.25
1559.14
1554.25
1559.14
1549.36
1554.25
1549.36
1544.48
1554.25
1549.36
1554.25
1539.59
1549.36
1539.59
1544.48
1539.59
1534.70
1544.48
1529.81
1539.59
1529.81
1539.59
1539.59
1539.59
1534.70
1520.04
1529.81
1520.04
1524.93
1515.15
1524.93
1515.15
1515.15
1520.04
1510.26
1515.15
1510.26
1515.15
1510.26
1510.26
1515.15
1505.38
1515.15
1505.38
1515.15
1505.38
1505.38
1505.38
1500.49
1505.38
1495.60
1500.49
1490.71
1495.60
1485.83
1485.83
1485.83
1480.94
1485.83
1476.05
1485.83
1476.05
1480.94
1480.94
1476.05
1480.94
1476.05
1480.94
1471.16
1476.05
1471.16
1476.05
1471.16
1466.28
1476.05
1466.28
1476.05
1466.28
1471.16
1466.28
1461.39
1466.28
1456.50
1461.39
1456.50
1461.39
1456.50
1461.39
1466.28
1466.28
1471.16
1451.61
1456.50
1446.73
1451.61
1451.61
1446.73
1456.50
1441.84
1451.61
1441.84
1451.61
1441.84
1446.73
1446.73
1441.84
1446.73
1436.95
1446.73
1441.84
1446.73
1441.84
1436.95
1446.73
1441.84
1446.73
1432.06
1446.73
1432.06
1432.06
1432.06
1422.29
1432.06
1422.29
1432.06
1422.29
1432.06
1427.17
1422.29
1432.06
1417.40
1427.17
1417.40
1427.17
1412.51
1417.40
1422.29
1412.51
1422.29
1407.62
1422.29
1412.51
1417.40
1417.40
1412.51
1422.29
1407.62
1417.40
1407.62
1417.40
1407.62
1407.62
1412.51
1402.74
1417.40
1402.74
1412.51
1402.74
1417.40
1412.51
1407.62
1417.40
1392.96
1412.51
1397.85
1402.74
1397.85
1397.85
1397.85
1392.96
1402.74
1388.07
1402.74
1388.07
1397.85
1392.96
1392.96
1397.85
1388.07
1402.74
1392.96
1397.85
1397.85
1397.85
1397.85
1388.07
1397.85
1378.30
1392.96
1378.30
1388.07
1378.30
1378.30
1383.19
1383.19
1392.96
1383.19
1397.85
1388.07
1383.19
1378.30
1363.64
1363.64
1353.86
1363.64
1348.97
1358.75
1348.97
1348.97
1353.86
1348.97
1368.52
1363.64
1383.19
1388.07
1412.51
1417.40
1412.51
1422.29
1407.62
1422.29
1402.74
1397.85
1388.07
1388.07
1392.96
1388.07
1392.96
1378.30
1383.19
1363.64
1368.52
1368.52
1373.41
1383.19
1368.52
1383.19
1368.52
1383.19
1388.07
1383.19
1392.96
1373.41
1383.19
1363.64
1373.41
1363.64
1358.75
1363.64
1353.86
1368.52
1358.75
1368.52
1353.86
1353.86
1344.09
1334.31
1334.31
1319.65
1334.31
1314.76
1329.42
1314.76
1319.65
1329.42
1329.42
1334.31
1324.54
1344.09
1334.31
1344.09
1339.20
1339.20
1339.20
1329.42
1344.09
1334.31
1339.20
1329.42
1334.31
1329.42
1329.42
1334.31
1329.42
1334.31
1324.54
1334.31
1324.54
1319.65
1319.65
1314.76
1324.54
1314.76
1324.54
1314.76
1334.31
1329.42
1319.65
1319.65
1314.76
1334.31
1314.76
1319.65
1314.76
1319.65
1324.54
1319.65
1329.42
1314.76
1324.54
1319.65
1329.42
1329.42
1329.42
1334.31
1329.42
1344.09
1339.20
1358.75
1358.75
1363.64
1368.52
1353.86
1368.52
1348.97
1353.86
1339.20
1339.20
1329.42
1319.65
1314.76
1295.21
1304.99
1285.43
1304.99
1300.10
1304.99
1314.76
1309.87
1319.65
1304.99
1319.65
1304.99
1304.99
1300.10
1295.21
1295.21
1280.55
1290.32
1280.55
1290.32
1290.32
1295.21
1304.99
1304.99
1314.76
1295.21
1304.99
1300.10
1314.76
1314.76
1319.65
1329.42
1304.99
1314.76
1304.99
1314.76
1309.87
1314.76
1314.76
1304.99
1319.65
1304.99
1314.76
1304.99
1314.76
1309.87
1309.87
1319.65
1304.99
1314.76
1300.10
1314.76
1304.99
1309.87
1309.87
1300.10
1309.87
1290.32
1304.99
1290.32
1300.10
1290.32
1290.32
1295.21
1280.55
1295.21
1280.55
1295.21
1280.55
1290.32
1295.21
1285.43
1295.21
1285.43
1300.10
1275.66
1290.32
1285.43
1280.55
1290.32
1280.55
1285.43
1280.55
1290.32
1275.66
1275.66
1280.55
1270.77
1285.43
1270.77
1285.43
1270.77
1280.55
1285.43
1285.43
1295.21
1290.32
1304.99
1295.21
1304.99
1285.43
1290.32
1285.43
1280.55
1290.32
1275.66
1290.32
1275.66
1280.55
1270.77
1270.77
1280.55
1270.77
1285.43
1270.77
1285.43
1275.66
1280.55
1285.43
1275.66
1290.32
1280.55
1290.32
1280.55
1285.43
1280.55
1275.66
1275.66
1265.88
1280.55
1270.77
1280.55
1275.66
1275.66
1280.55
1275.66
1280.55
1275.66
1285.43
1265.88
1265.88
1256.11
1256.11
1265.88
1256.11
1270.77
1256.11
1270.77
1261.00
1270.77
1270.77
1270.77
1280.55
1270.77
1280.55
1270.77
1280.55
1280.55
1275.66
1280.55
1275.66
1280.55
1270.77
1280.55
1270.77
1275.66
1280.55
1270.77
1270.77
1256.11
1275.66
1261.00
1270.77
1265.88
1270.77
1275.66
1265.88
1280.55
1270.77
1280.55
1265.88
1275.66
1275.66
1265.88
1265.88
1251.22
1261.00
1241.45
1251.22
1241.45
1241.45
1236.56
1226.78
1236.56
1226.78
1246.33
1236.56
1246.33
1241.45
1231.67
1246.33
1241.45
1261.00
1246.33
1265.88
1265.88
1265.88
1270.77
1265.88
1280.55
1270.77
1280.55
1270.77
1280.55
1275.66
1270.77
1275.66
1261.00
1280.55
1265.88
1275.66
1265.88
1270.77
1265.88
1256.11
1265.88
1246.33
1256.11
1246.33
1256.11
1256.11
1256.11
1265.88
1256.11
1256.11
1241.45
1251.22
1241.45
1251.22
1251.22
1246.33
1256.11
1246.33
1261.00
1251.22
1256.11
1256.11
1256.11
1265.88
1256.11
1265.88
1256.11
1265.88
1261.00
1270.77
1275.66
1265.88
1280.55
1265.88
1280.55
1265.88
1265.88
1261.00
1256.11
1261.00
1251.22
1261.00
1246.33
1261.00
1251.22
1251.22
1261.00
1256.11
1270.77
1256.11
1270.77
1256.11
1261.00
1261.00
1256.11
1261.00
1251.22
1270.77
1246.33
1261.00
1251.22
1251.22
1251.22
1246.33
1256.11
1246.33
1256.11
1241.45
1251.22
1246.33
1241.45
1251.22
1241.45
1256.11
1241.45
1251.22
1251.22
1256.11
1256.11
1246.33
1256.11
1241.45
1251.22
1241.45
1251.22
1246.33
1246.33
1256.11
1246.33
1261.00
1246.33
1261.00
1251.22
1261.00
1261.00
1261.00
1270.77
1256.11
1275.66
1261.00
1270.77
1261.00
1261.00
1265.88
1251.22
1256.11
1246.33
1251.22
1241.45
1246.33
1246.33
1236.56
1241.45
1226.78
1246.33
1226.78
1241.45
1241.45
1241.45
1246.33
1241.45
1256.11
1241.45
1246.33
1241.45
1241.45
1241.45
1236.56
1241.45
1231.67
1241.45
1226.78
1241.45
1241.45
1236.56
1246.33
1236.56
1246.33
1231.67
1241.45
1236.56
1241.45
1236.56
1231.67
1246.33
1231.67
1251.22
1241.45
1256.11
1241.45
1241.45
1241.45
1236.56
1251.22
1236.56
1256.11
1246.33
1256.11
1251.22
1256.11
1265.88
1251.22
1270.77
1265.88
1280.55
1280.55
1280.55
1285.43
1275.66
1290.32
1275.66
1290.32
1275.66
1261.00
1246.33
1241.45
1241.45
1226.78
1241.45
1226.78
1236.56
1226.78
1226.78
1231.67
1221.90
1236.56
1221.90
1236.56
1226.78
1236.56
1231.67
1231.67
1241.45
1231.67
1246.33
1236.56
1246.33
1231.67
1226.78
1226.78
1221.90
1231.67
1221.90
1231.67
1217.01
1226.78
1221.90
1221.90
1231.67
1217.01
1231.67
1221.90
1236.56
1236.56
1251.22
1251.22
1236.56
1241.45
1231.67
1246.33
1236.56
1241.45
1236.56
1231.67
1241.45
1231.67
1241.45
1231.67
1246.33
1241.45
1241.45
1241.45
1241.45
1251.22
1236.56
1251.22
1241.45
1246.33
1241.45
1236.56
1241.45
1231.67
1241.45
1226.78
1241.45
1231.67
1236.56
1236.56
1231.67
1246.33
1236.56
1246.33
1236.56
1246.33
1241.45
1246.33
1246.33
1241.45
1251.22
1241.45
1251.22
1241.45
1241.45
1246.33
1236.56
1246.33
1236.56
1246.33
1236.56
1246.33
1246.33
1246.33
1256.11
1241.45
1256.11
1246.33
1261.00
1251.22
1261.00
1261.00
1261.00
1270.77
1261.00
1265.88
1246.33
1256.11
1246.33
1246.33
1251.22
1236.56
1251.22
1241.45
1246.33
1241.45
1246.33
1246.33
1236.56
1246.33
1231.67
1251.22
1241.45
1251.22
1241.45
1241.45
1241.45
1226.78
1241.45
1221.90
1231.67
1217.01
1226.78
1221.90
1212.12
1221.90
1212.12
1226.78
1212.12
1221.90
1217.01
1217.01
1221.90
1217.01
1231.67
1221.90
1236.56
1226.78
1236.56
1236.56
1236.56
1241.45
1226.78
1241.45
1226.78
1236.56
1236.56
1236.56
1241.45
1226.78
1241.45
1226.78
1241.45
1231.67
1241.45
1236.56
1226.78
1236.56
1221.90
1236.56
1226.78
1236.56
1236.56
1231.67
1231.67
1217.01
1236.56
1221.90
1236.56
1231.67
1231.67
1236.56
1226.78
1241.45
1226.78
1241.45
1226.78
1241.45
1236.56
1241.45
1241.45
1236.56
1251.22
1236.56
1246.33
1236.56
1241.45
1236.56
1231.67
1246.33
1236.56
1241.45
1231.67
1241.45
1226.78
1231.67
1231.67
1226.78
1236.56
1231.67
1251.22
1241.45
1251.22
1246.33
1246.33
1256.11
1241.45
1251.22
1241.45
1256.11
1251.22
1251.22
1251.22
1241.45
1251.22
1236.56
1246.33
1241.45
1246.33
1246.33
1246.33
1246.33
1236.56
1256.11
1246.33
1256.11
1241.45
1241.45
1251.22
1241.45
1251.22
1241.45
1256.11
1241.45
1251.22
1246.33
1246.33
1246.33
1236.56
1246.33
1231.67
1246.33
1241.45
1246.33
1246.33
1236.56
1251.22
1236.56
1246.33
1236.56
1246.33
1241.45
1236.56
1246.33
1231.67
1246.33
1231.67
1241.45
1226.78
1231.67
1236.56
1226.78
1241.45
1226.78
1241.45
1231.67
1236.56
1236.56
1231.67
1241.45
1231.67
1241.45
1226.78
1236.56
1226.78
1231.67
1231.67
1221.90
1236.56
1221.90
1236.56
1221.90
1231.67
1231.67
1221.90
1231.67
1221.90
1236.56
1217.01
1236.56
1221.90
1226.78
1231.67
1231.67
1236.56
1221.90
1236.56
1217.01
1226.78
1231.67
1226.78
1231.67
1221.90
1236.56
1226.78
1241.45
1231.67
1236.56
1241.45
1231.67
1241.45
1226.78
1246.33
1236.56
1246.33
1241.45
1236.56
1246.33
1236.56
1246.33
1231.67
1236.56
1226.78
1231.67
1231.67
1221.90
1231.67
1221.90
1236.56
1221.90
1231.67
1226.78
1221.90
1226.78
1217.01
1226.78
1212.12
1231.67
1221.90
1226.78
1226.78
1221.90
1231.67
1217.01
1236.56
1217.01
1226.78
1217.01
1217.01
1221.90
1212.12
1226.78
1212.12
1226.78
1221.90
1226.78
1226.78
1221.90
1236.56
1221.90
1236.56
1231.67
1246.33
1241.45
1236.56
1236.56
1226.78
1236.56
1221.90
1231.67
1221.90
1221.90
1221.90
1221.90
1231.67
1217.01
1226.78
1217.01
1221.90
1217.01
1217.01
1221.90
1212.12
1221.90
1212.12
1226.78
1212.12
1221.90
1221.90
1217.01
1221.90
1212.12
1221.90
1212.12
1221.90
1217.01
1221.90
1226.78
1221.90
1236.56
1217.01
1231.67
1217.01
1226.78
1226.78
1226.78
1231.67
1221.90
1231.67
1221.90
1231.67
1231.67
1221.90
1231.67
1221.90
1231.67
1217.01
1231.67
1221.90
1231.67
1226.78
1221.90
1231.67
1221.90
1236.56
1221.90
1231.67
1221.90
1226.78
1231.67
1221.90
1231.67
1221.90
1236.56
1231.67
1241.45
1241.45
1226.78
1231.67
1221.90
1231.67
1221.90
1236.56
1226.78
1231.67
1231.67
1231.67
1241.45
1226.78
1236.56
1226.78
1231.67
1226.78
1226.78
1231.67
1221.90
1236.56
1221.90
1231.67
1226.78
1226.78
1226.78
1221.90
1231.67
1217.01
1231.67
1217.01
1226.78
1221.90
1217.01
1226.78
1217.01
1226.78
1217.01
1226.78
1221.90
1221.90
1226.78
1212.12
1226.78
1212.12
1226.78
1217.01
1221.90
1217.01
1217.01
1221.90
1212.12
1226.78
1217.01
1226.78
1217.01
1221.90
1221.90
1217.01
1226.78
1212.12
1231.67
1212.12
1221.90
1217.01
1217.01
1221.90
1217.01
1231.67
1221.90
1226.78
1207.23
1217.01
1217.01
1212.12
1221.90
1212.12
1226.78
1212.12
1221.90
1217.01
1217.01
1226.78
1217.01
1226.78
1212.12
1226.78
1217.01
1226.78
1226.78
1221.90
1231.67
1217.01
1231.67
1217.01
1226.78
1217.01
1217.01
1221.90
1212.12
1221.90
1212.12
1221.90
1212.12
1221.90
1221.90
1217.01
1226.78
1212.12
1221.90
1212.12
1226.78
1217.01
1217.01
1221.90
1212.12
1221.90
1212.12
1221.90
1212.12
1221.90
1221.90
1217.01
1221.90
1212.12
1221.90
1207.23
1221.90
1217.01
1212.12
1212.12
1202.35
1212.12
1202.35
1217.01
1217.01
1212.12
1212.12
1202.35
1217.01
1212.12
1226.78
1217.01
1226.78
1226.78
1221.90
1236.56
1226.78
1236.56
1231.67
1246.33
1236.56
1241.45
1241.45
1236.56
1246.33
1236.56
1246.33
1231.67
1246.33
1236.56
1231.67
1231.67
1221.90
1226.78
1217.01
1226.78
1212.12
1217.01
1217.01
1212.12
1221.90
1212.12
1226.78
1217.01
1231.67
1226.78
1226.78
1236.56
1226.78
1241.45
1226.78
1241.45
1236.56
1251.22
1246.33
1241.45
1246.33
1226.78
1241.45
1221.90
1236.56
1226.78
1226.78
1231.67
1217.01
1226.78
1212.12
1221.90
1217.01
1226.78
1221.90
1236.56
1261.00
1246.33
1251.22
1231.67
1241.45
1221.90
1221.90
1221.90
1217.01
1231.67
1221.90
1236.56
1236.56
1251.22
1256.11
1256.11
1261.00
1251.22
1265.88
1251.22
1261.00
1251.22
1256.11
1261.00
1256.11
1261.00
1246.33
1241.45
1192.57
1197.46
1187.68
1187.68
1192.57
1182.80
1197.46
1177.91
1197.46
1187.68
1192.57
1192.57
1182.80
1197.46
1182.80
1197.46
1182.80
1197.46
1187.68
1187.68
1197.46
1187.68
1202.35
1192.57
1212.12
1207.23
1217.01
1221.90
1212.12
1221.90
1217.01
1236.56
1226.78
1231.67
1221.90
1221.90
1231.67
1217.01
1226.78
1217.01
1226.78
1221.90
1212.12
1212.12
1202.35
1207.23
1197.46
1207.23
1192.57
1197.46
1202.35
1197.46
1212.12
1197.46
1212.12
1192.57
1207.23
1202.35
1212.12
1212.12
1207.23
1231.67
1217.01
1236.56
1226.78
1236.56
1236.56
1236.56
1241.45
1231.67
1251.22
1231.67
1251.22
1231.67
1236.56
1241.45
1236.56
1246.33
1241.45
1251.22
1241.45
1246.33
1241.45
1236.56
1241.45
1231.67
1246.33
1236.56
1246.33
1241.45
1251.22
1251.22
1246.33
1261.00
1256.11
1261.00
1246.33
1251.22
1246.33
1246.33
1251.22
1241.45
1251.22
1236.56
1246.33
1246.33
1261.00
1265.88
1251.22
1251.22
1241.45
1251.22
1241.45
1251.22
1241.45
1241.45
1246.33
1231.67
1241.45
1226.78
1236.56
1226.78
1231.67
1226.78
1226.78
1231.67
1217.01
1231.67
1217.01
1231.67
1221.90
1221.90
1226.78
1217.01
1226.78
1212.12
1231.67
1221.90
1231.67
1226.78
1221.90
1236.56
1231.67
1236.56
1231.67
1246.33
1246.33
1256.11
1251.22
1236.56
1246.33
1236.56
1251.22
1246.33
1246.33
1226.78
1221.90
1231.67
1226.78
1256.11
1246.33
1256.11
1246.33
1251.22
1251.22
1246.33
1256.11
1246.33
1261.00
1246.33
1251.22
1246.33
1241.45
1251.22
1241.45
1256.11
1236.56
1246.33
1241.45
1246.33
1246.33
1236.56
1246.33
1231.67
1241.45
1221.90
1231.67
1226.78
1231.67
1231.67
1217.01
1231.67
1217.01
1231.67
1226.78
1231.67
1231.67
1221.90
1241.45
1226.78
1246.33
1236.56
1251.22
1246.33
1241.45
1246.33
1241.45
1251.22
1241.45
1256.11
1251.22
1256.11
1261.00
1256.11
1270.77
1256.11
1275.66
1265.88
1275.66
1265.88
1261.00
1270.77
1261.00
1270.77
1261.00
1275.66
1261.00
1261.00
1265.88
1261.00
1280.55
1270.77
1275.66
1256.11
1265.88
1261.00
1265.88
1280.55
1270.77
1285.43
1265.88
1275.66
1261.00
1265.88
1265.88
1256.11
1261.00
1241.45
1261.00
1246.33
1256.11
1241.45
1241.45
1251.22
1236.56
1246.33
1236.56
1241.45
1231.67
1236.56
1236.56
1226.78
1236.56
1226.78
1246.33
1236.56
1251.22
1251.22
1246.33
1251.22
1241.45
1256.11
1236.56
1251.22
1241.45
1246.33
1246.33
1236.56
1246.33
1231.67
1241.45
1231.67
1241.45
1236.56
1241.45
1246.33
1241.45
1256.11
1246.33
1261.00
1251.22
1251.22
1251.22
1246.33
1246.33
1231.67
1251.22
1241.45
1256.11
1251.22
1251.22
1256.11
1251.22
1265.88
1261.00
1275.66
1265.88
1270.77
1270.77
1261.00
1261.00
1251.22
1261.00
1246.33
1256.11
1251.22
1256.11
1256.11
1246.33
1261.00
1246.33
1256.11
1251.22
1256.11
1256.11
1251.22
1261.00
1246.33
1261.00
1241.45
1256.11
1246.33
1251.22
1256.11
1246.33
1256.11
1236.56
1246.33
1241.45
1241.45
1241.45
1236.56
1241.45
1231.67
1246.33
1231.67
1241.45
1236.56
1236.56
1236.56
1226.78
1226.78
1217.01
1226.78
1212.12
1212.12
1207.23
1202.35
1207.23
1197.46
1207.23
1197.46
1212.12
1202.35
1207.23
1207.23
1207.23
1217.01
1207.23
1221.90
1212.12
1217.01
1217.01
1212.12
1217.01
1212.12
1221.90
1207.23
1221.90
1212.12
1212.12
1221.90
1212.12
1226.78
1212.12
1226.78
1212.12
1212.12
1207.23
1207.23
1212.12
1197.46
1212.12
1192.57
1202.35
1182.80
1182.80
1182.80
1173.02
1182.80
1168.13
1177.91
1168.13
1177.91
1173.02
1177.91
1187.68
1177.91
1182.80
1173.02
1182.80
1177.91
1182.80
1182.80
1182.80
1192.57
1182.80
1197.46
1187.68
1197.46
1187.68
1192.57
1202.35
1187.68
1207.23
1187.68
1197.46
1192.57
1197.46
1197.46
1192.57
1202.35
1192.57
1207.23
1197.46
1212.12
1212.12
1217.01
1217.01
1207.23
1217.01
1207.23
1217.01
1207.23
1207.23
1202.35
1187.68
1187.68
1173.02
1182.80
1168.13
1182.80
1177.91
1173.02
1177.91
1173.02
1187.68
1173.02
1187.68
1177.91
1182.80
1177.91
1177.91
1187.68
1173.02
1182.80
1158.36
1168.13
1163.25
1163.25
1173.02
1168.13
1182.80
1168.13
1187.68
1173.02
1177.91
1177.91
1177.91
1187.68
1177.91
1192.57
1177.91
1182.80
1173.02
1173.02
1168.13
1163.25
1168.13
1153.47
1163.25
1148.58
1158.36
1153.47
1148.58
1158.36
1148.58
1163.25
1148.58
1158.36
1158.36
1158.36
1168.13
1163.25
1173.02
1163.25
1173.02
1163.25
1173.02
1168.13
1168.13
1177.91
1168.13
1177.91
1168.13
1182.80
1177.91
1177.91
1192.57
1187.68
1212.12
1197.46
1202.35
1187.68
1197.46
1197.46
1192.57
1197.46
1187.68
1197.46
1187.68
1202.35
1192.57
1197.46
1197.46
1187.68
1197.46
1192.57
1202.35
1192.57
1202.35
1207.23
1197.46
1207.23
1197.46
1212.12
1197.46
1212.12
1202.35
1207.23
1202.35
1197.46
1207.23
1192.57
1207.23
1197.46
1207.23
1202.35
1202.35
1207.23
1197.46
1212.12
1197.46
1212.12
1197.46
1202.35
1202.35
1197.46
1202.35
1192.57
1202.35
1187.68
1202.35
1197.46
1202.35
1207.23
1207.23
1221.90
1207.23
1207.23
1202.35
1212.12
1212.12
1207.23
1217.01
1207.23
1217.01
1202.35
1212.12
1202.35
1207.23
1212.12
1202.35
1212.12
1197.46
1212.12
1202.35
1212.12
1207.23
1202.35
1212.12
1202.35
1212.12
1202.35
1212.12
1207.23
1202.35
1207.23
1197.46
1207.23
1197.46
1207.23
1202.35
1212.12
1207.23
1202.35
1207.23
1197.46
1212.12
1202.35
1212.12
1207.23
1212.12
1217.01
1202.35
1212.12
1192.57
1212.12
1192.57
1202.35
1197.46
1197.46
1207.23
1202.35
1207.23
1187.68
1197.46
1192.57
1187.68
1187.68
1177.91
1192.57
1177.91
1192.57
1182.80
1187.68
1187.68
1187.68
1202.35
1192.57
1202.35
1187.68
1202.35
1197.46
1202.35
1212.12
1197.46
1207.23
1197.46
1207.23
1192.57
1197.46
1192.57
1192.57
1197.46
1187.68
1207.23
1192.57
1207.23
1207.23
1212.12
1212.12
1207.23
1217.01
1202.35
1217.01
1212.12
1226.78
1236.56
1246.33
1246.33
1217.01
1231.67
1221.90
1226.78
1212.12
1202.35
1207.23
1197.46
1212.12
1192.57
1197.46
1182.80
1192.57
1187.68
1182.80
1197.46
1192.57
1202.35
1192.57
1202.35
1197.46
1202.35
1212.12
1197.46
1212.12
1197.46
1212.12
1202.35
1212.12
1207.23
1212.12
1212.12
1207.23
1212.12
1197.46
1207.23
1187.68
1192.57
1192.57
1187.68
1192.57
1182.80
1202.35
1187.68
1197.46
1197.46
1197.46
1212.12
1202.35
1212.12
1202.35
1212.12
1207.23
1212.12
1207.23
1197.46
1207.23
1197.46
1207.23
1197.46
1207.23
1212.12
1217.01
1226.78
1212.12
1221.90
1212.12
1226.78
1226.78
1226.78
1231.67
1226.78
1236.56
1226.78
1236.56
1226.78
1236.56
1231.67
1231.67
1236.56
1231.67
1241.45
1226.78
1251.22
1241.45
1246.33
1256.11
1251.22
1256.11
1241.45
1251.22
1231.67
1236.56
1226.78
1221.90
1226.78
1212.12
1221.90
1197.46
1212.12
1202.35
1207.23
1197.46
1197.46
1207.23
1192.57
1207.23
1197.46
1212.12
1207.23
1207.23
1212.12
1202.35
1212.12
1202.35
1212.12
1197.46
1212.12
1212.12
1212.12
1221.90
1202.35
1207.23
1187.68
1197.46
1192.57
1197.46
1197.46
1187.68
1197.46
1182.80
1202.35
1187.68
1202.35
1197.46
1202.35
1207.23
1207.23
1217.01
1217.01
1226.78
1221.90
1226.78
1231.67
1231.67
1246.33
1226.78
1251.22
1241.45
1251.22
1246.33
1241.45
1256.11
1246.33
1256.11
1246.33
1256.11
1251.22
1251.22
1251.22
1251.22
1261.00
1246.33
1261.00
1251.22
1256.11
1251.22
1251.22
1256.11
1246.33
1261.00
1241.45
1251.22
1246.33
1246.33
1241.45
1236.56
1246.33
1236.56
1251.22
1231.67
1236.56
1221.90
1217.01
1221.90
1207.23
1217.01
1207.23
1217.01
1212.12
1212.12
1212.12
1207.23
1217.01
1212.12
1221.90
1212.12
1226.78
1221.90
1221.90
1226.78
1217.01
1226.78
1221.90
1231.67
1226.78
1226.78
1221.90
1221.90
1226.78
1212.12
1226.78
1212.12
1221.90
1217.01
1221.90
1221.90
1212.12
1221.90
1217.01
1226.78
1212.12
1221.90
1217.01
1217.01
1226.78
1212.12
1226.78
1212.12
1221.90
1221.90
1221.90
1221.90
1212.12
1226.78
1212.12
1226.78
1212.12
1221.90
1221.90
1221.90
1231.67
1221.90
1241.45
1226.78
1226.78
1221.90
1221.90
1221.90
1217.01
1221.90
1212.12
1226.78
1217.01
1221.90
1221.90
1217.01
1226.78
1217.01
1226.78
1221.90
1231.67
1221.90
1221.90
1231.67
1217.01
1231.67
1217.01
1231.67
1221.90
1221.90
1226.78
1221.90
1226.78
1217.01
1231.67
1217.01
1226.78
1217.01
1221.90
1221.90
1217.01
1226.78
1217.01
1231.67
1217.01
1221.90
1217.01
1217.01
1226.78
1217.01
1226.78
1217.01
1221.90
1217.01
1226.78
1226.78
1217.01
1231.67
1221.90
1226.78
1217.01
1226.78
1226.78
1226.78
1226.78
1221.90
1231.67
1221.90
1236.56
1231.67
1226.78
1226.78
1217.01
1231.67
1217.01
1226.78
1217.01
1226.78
1217.01
1221.90
1226.78
1217.01
1231.67
1217.01
1226.78
1221.90
1231.67
1226.78
1221.90
1231.67
1221.90
1231.67
1221.90
1231.67
1226.78
1221.90
1226.78
1217.01
1231.67
1212.12
1226.78
1221.90
1226.78
1226.78
1217.01
1226.78
1212.12
1231.67
1221.90
1231.67
1221.90
1221.90
1231.67
1221.90
1231.67
1217.01
1231.67
1221.90
1226.78
1226.78
1221.90
1231.67
1217.01
1231.67
1221.90
1231.67
1221.90
1226.78
1226.78
1217.01
1231.67
1217.01
1231.67
1221.90
1231.67
1236.56
1236.56
1231.67
1212.12
1226.78
1217.01
1226.78
1221.90
1221.90
1226.78
1217.01
1226.78
1217.01
1226.78
1217.01
1226.78
1221.90
1221.90
1231.67
1217.01
1236.56
1221.90
1231.67
1226.78
1226.78
1231.67
1221.90
1231.67
1217.01
1231.67
1221.90
1226.78
1221.90
1217.01
1226.78
1217.01
1226.78
1212.12
1226.78
1221.90
1221.90
1226.78
1217.01
1231.67
1217.01
1236.56
1217.01
1226.78
1221.90
1221.90
1226.78
1221.90
1236.56
1221.90
1231.67
1226.78
1231.67
1231.67
1221.90
1236.56
1217.01
1236.56
1221.90
1236.56
1231.67
1241.45
1236.56
1217.01
1231.67
1221.90
1231.67
1226.78
1231.67
1231.67
1226.78
1231.67
1221.90
1236.56
1221.90
1231.67
1231.67
1231.67
1231.67
1221.90
1241.45
1221.90
1236.56
1231.67
1231.67
1236.56
1226.78
1236.56
1221.90
1236.56
1217.01
1226.78
1217.01
1226.78
1226.78
1217.01
1231.67
1221.90
1231.67
1221.90
1226.78
1226.78
1221.90
1231.67
1217.01
1236.56
1221.90
1231.67
1221.90
1221.90
1226.78
1221.90
1231.67
1217.01
1231.67
1226.78
1226.78
1231.67
1226.78
1231.67
1217.01
1231.67
1217.01
1231.67
1221.90
1221.90
1231.67
1226.78
1241.45
1231.67
1236.56
1221.90
1226.78
1226.78
1221.90
1236.56
1221.90
1236.56
1217.01
1231.67
1221.90
1231.67
1231.67
1221.90
1231.67
1221.90
1236.56
1226.78
1231.67
1226.78
1226.78
1236.56
1221.90
1236.56
1221.90
1231.67
1221.90
1226.78
1231.67
1217.01
1226.78
1212.12
1231.67
1217.01
1221.90
1226.78
1217.01
1226.78
1221.90
1231.67
1217.01
1231.67
1226.78
1221.90
1226.78
1226.78
1231.67
1217.01
1236.56
1221.90
1236.56
1226.78
1226.78
1236.56
1226.78
1236.56
1221.90
1236.56
1226.78
1231.67
1226.78
1221.90
1231.67
1217.01
1231.67
1217.01
1231.67
1221.90
1221.90
1231.67
1226.78
1236.56
1217.01
1221.90
1212.12
1221.90
1221.90
1217.01
1226.78
1212.12
1231.67
1217.01
1231.67
1221.90
1226.78
1226.78
1217.01
1226.78
1212.12
1221.90
1212.12
1221.90
1217.01
1212.12
1217.01
1207.23
1217.01
1197.46
1207.23
1197.46
1202.35
1202.35
1192.57
1202.35
1177.91
1197.46
1182.80
1192.57
1192.57
1187.68
1197.46
1182.80
1202.35
1182.80
1192.57
1187.68
1192.57
1192.57
1182.80
1192.57
1177.91
1192.57
1177.91
1182.80
1187.68
1177.91
1187.68
1173.02
1182.80
1173.02
1177.91
1173.02
1173.02
1173.02
1163.25
1173.02
1158.36
1173.02
1163.25
1168.13
1168.13
1158.36
1158.36
1148.58
1158.36
1153.47
1168.13
1163.25
1163.25
1153.47
1143.69
1153.47
1143.69
1158.36
1143.69
1153.47
1153.47
1153.47
1158.36
1143.69
1158.36
1143.69
1158.36
1148.58
1158.36
1158.36
1153.47
1163.25
1148.58
1168.13
1153.47
1158.36
1158.36
1153.47
1163.25
1148.58
1163.25
1148.58
1158.36
1153.47
1158.36
1158.36
1158.36
1163.25
1153.47
1168.13
1158.36
1168.13
1163.25
1163.25
1168.13
1158.36
1168.13
1153.47
1173.02
1168.13
1163.25
1168.13
1158.36
1173.02
1158.36
1177.91
1168.13
1177.91
1177.91
1173.02
1177.91
1173.02
1187.68
1177.91
1182.80
1173.02
1173.02
1173.02
1168.13
1177.91
1168.13
1192.57
1192.57
1202.35
1192.57
1182.80
1177.91
1168.13
1177.91
1163.25
1177.91
1168.13
1173.02
1168.13
1168.13
1173.02
1163.25
1177.91
1173.02
1182.80
1182.80
1187.68
1192.57
1187.68
1197.46
1182.80
1197.46
1192.57
1197.46
1197.46
1192.57
1197.46
1182.80
1192.57
1177.91
1192.57
1187.68
1187.68
1187.68
1182.80
1192.57
1177.91
1192.57
1182.80
1192.57
1182.80
1182.80
1192.57
1177.91
1192.57
1177.91
1187.68
1182.80
1182.80
1182.80
1177.91
1187.68
1173.02
1187.68
1173.02
1182.80
1182.80
1182.80
1197.46
1197.46
1212.12
1207.23
1226.78
1217.01
1217.01
1221.90
1207.23
1217.01
1202.35
1212.12
1197.46
1202.35
1202.35
1202.35
1212.12
1197.46
1207.23
1187.68
1197.46
1187.68
1192.57
1187.68
1182.80
1187.68
1173.02
1192.57
1182.80
1187.68
1187.68
1202.35
1226.78
1202.35
1217.01
1202.35
1212.12
1202.35
1202.35
1202.35
1202.35
1212.12
1197.46
1212.12
1197.46
1207.23
1207.23
1212.12
1221.90
1217.01
1226.78
1217.01
1231.67
1221.90
1226.78
1221.90
1212.12
1217.01
1202.35
1212.12
1202.35
1217.01
1207.23
1207.23
1212.12
1202.35
1217.01
1207.23
1217.01
1207.23
1212.12
1212.12
1207.23
1221.90
1212.12
1221.90
1212.12
1221.90
1217.01
1212.12
1217.01
1212.12
1221.90
1212.12
1221.90
1212.12
1217.01
1221.90
1221.90
1231.67
1212.12
1221.90
1207.23
1221.90
1217.01
1217.01
1221.90
1212.12
1226.78
1207.23
1226.78
1212.12
1217.01
1217.01
1217.01
1226.78
1212.12
1231.67
1217.01
1226.78
1221.90
1226.78
1231.67
1221.90
1231.67
1217.01
1236.56
1231.67
1236.56
1236.56
1231.67
1241.45
1226.78
1236.56
1217.01
1221.90
1212.12
1217.01
1217.01
1212.12
1217.01
1207.23
1231.67
1221.90
1221.90
1221.90
1217.01
1221.90
1212.12
1221.90
1207.23
1217.01
1207.23
1207.23
1202.35
1197.46
1202.35
1187.68
1202.35
1192.57
1197.46
1192.57
1192.57
1197.46
1192.57
1202.35
1197.46
1212.12
1207.23
1217.01
1217.01
1207.23
1217.01
1207.23
1221.90
1207.23
1217.01
1217.01
1212.12
1221.90
1212.12
1231.67
1217.01
1236.56
1226.78
1236.56
1236.56
1231.67
1241.45
1231.67
1241.45
1226.78
1236.56
1226.78
1221.90
1226.78
1217.01
1226.78
1207.23
1226.78
1212.12
1212.12
1212.12
1207.23
1217.01
1207.23
1212.12
1202.35
1212.12
1202.35
1207.23
1207.23
1207.23
1217.01
1197.46
1207.23
1187.68
1187.68
1192.57
1182.80
1192.57
1182.80
1202.35
1192.57
1207.23
1212.12
1212.12
1221.90
1217.01
1226.78
1217.01
1226.78
1217.01
1221.90
1221.90
1221.90
1231.67
1231.67
1246.33
1221.90
1221.90
1212.12
1202.35
1202.35
1187.68
1202.35
1182.80
1197.46
1182.80
1197.46
1197.46
1202.35
1212.12
1202.35
1221.90
1221.90
1236.56
1231.67
1236.56
1241.45
1236.56
1251.22
1236.56
1251.22
1236.56
1236.56
1236.56
1231.67
1231.67
1217.01
1221.90
1212.12
1217.01
1212.12
1212.12
1217.01
1217.01
1226.78
1217.01
1226.78
1217.01
1226.78
1217.01
1221.90
1221.90
1217.01
1231.67
1217.01
1226.78
1217.01
1221.90
1217.01
1212.12
1221.90
1212.12
1221.90
1212.12
1217.01
1217.01
1221.90
1226.78
1212.12
1226.78
1212.12
1226.78
1217.01
1212.12
1202.35
1202.35
1212.12
1202.35
1217.01
1207.23
1212.12
1207.23
1212.12
1217.01
1212.12
1221.90
1212.12
1221.90
1212.12
1217.01
1221.90
1212.12
1221.90
1207.23
1226.78
1207.23
1221.90
1212.12
1212.12
1217.01
1202.35
1217.01
1202.35
1217.01
1202.35
1212.12
1212.12
1202.35
1217.01
1202.35
1217.01
1207.23
1217.01
1207.23
1212.12
1212.12
1202.35
1217.01
1207.23
1217.01
1207.23
1212.12
1212.12
1207.23
1217.01
1207.23
1221.90
1212.12
1217.01
1207.23
1212.12
1212.12
1207.23
1217.01
1202.35
1217.01
1212.12
1221.90
1217.01
1207.23
1212.12
1207.23
1212.12
1202.35
1217.01
1207.23
1207.23
1207.23
1202.35
1217.01
1207.23
1221.90
1207.23
1212.12
1212.12
1212.12
1221.90
1212.12
1226.78
1217.01
1226.78
1217.01
1217.01
1221.90
1212.12
1221.90
1212.12
1221.90
1212.12
1217.01
1212.12
1212.12
1221.90
1212.12
1221.90
1212.12
1221.90
1217.01
1221.90
1217.01
1212.12
1221.90
1212.12
1226.78
1212.12
1221.90
1221.90
1221.90
1226.78
1217.01
1226.78
1212.12
1221.90
1217.01
1221.90
1221.90
1212.12
1221.90
1212.12
1231.67
1221.90
1236.56
1221.90
1217.01
1221.90
1212.12
1221.90
1212.12
1226.78
1212.12
1221.90
1221.90
1217.01
1226.78
1217.01
1221.90
1217.01
1226.78
1221.90
1221.90
1221.90
1212.12
1226.78
1217.01
1231.67
1226.78
1226.78
1226.78
1221.90
1226.78
1217.01
1226.78
1217.01
1221.90
1221.90
1221.90
1226.78
1221.90
1231.67
1221.90
1226.78
1221.90
1226.78
1226.78
1226.78
1231.67
1217.01
1226.78
1217.01
1226.78
1217.01
1221.90
1231.67
1221.90
1231.67
1217.01
1231.67
1221.90
1221.90
1221.90
1221.90
1236.56
1221.90
1241.45
1231.67
1231.67
1221.90
1221.90
1226.78
1217.01
1231.67
1221.90
1231.67
1221.90
1226.78
1226.78
1226.78
1231.67
1217.01
1231.67
1221.90
1231.67
1231.67
1231.67
1231.67
1226.78
1241.45
1226.78
1241.45
1231.67
1236.56
1231.67
1231.67
1231.67
