1612.90
1593.35
1588.47
1603.13
1583.58
1588.47
1583.58
1583.58
1588.47
1544.48
1544.48
1534.70
1534.70
1524.93
1524.93
1520.04
1510.26
1510.26
1495.60
1500.49
1490.71
1490.71
1480.94
1476.05
1485.83
1495.60
1529.81
1510.26
1520.04
1490.71
1476.05
1476.05
1451.61
1466.28
1441.84
1466.28
1446.73
1466.28
1461.39
1456.50
1471.16
1441.84
1471.16
1436.95
1461.39
1446.73
1456.50
1466.28
1441.84
1466.28
1432.06
1461.39
1436.95
1451.61
1451.61
1446.73
1461.39
1436.95
1466.28
1436.95
1456.50
1432.06
1441.84
1446.73
1432.06
1461.39
1432.06
1456.50
1427.17
1446.73
1446.73
1441.84
1456.50
1441.84
1466.28
1441.84
1461.39
1451.61
1456.50
1476.05
1461.39
1485.83
1451.61
1471.16
1456.50
1461.39
1456.50
1451.61
1466.28
1456.50
1485.83
1466.28
1485.83
1480.94
1490.71
1495.60
1476.05
1485.83
1456.50
1461.39
1456.50
1471.16
1466.28
1471.16
1485.83
1466.28
1490.71
1471.16
1495.60
1500.49
1505.38
1505.38
1476.05
1480.94
1471.16
1485.83
1476.05
1480.94
1476.05
1471.16
1476.05
1466.28
1476.05
1461.39
1476.05
1466.28
1461.39
1466.28
1451.61
1456.50
1432.06
1446.73
1417.40
1427.17
1417.40
1407.62
1412.51
1397.85
1412.51
1397.85
1407.62
1397.85
1392.96
1402.74
1388.07
1417.40
1407.62
1432.06
1417.40
1427.17
1422.29
1407.62
1402.74
1392.96
1397.85
1388.07
1397.85
1388.07
1388.07
1388.07
1383.19
1388.07
1378.30
1383.19
1378.30
1388.07
1378.30
1383.19
1383.19
1378.30
1383.19
1373.41
1378.30
1368.52
1368.52
1368.52
1368.52
1368.52
1358.75
1392.96
1412.51
1441.84
1432.06
1432.06
1436.95
1432.06
1436.95
1427.17
1436.95
1432.06
1436.95
1436.95
1432.06
1441.84
1436.95
1446.73
1436.95
1446.73
1441.84
1436.95
1446.73
1441.84
1451.61
1446.73
1456.50
1446.73
1451.61
1451.61
1451.61
1456.50
1446.73
1456.50
1451.61
1451.61
1451.61
1436.95
1441.84
1417.40
1422.29
1397.85
1402.74
1378.30
1373.41
1368.52
1348.97
1348.97
1329.42
1339.20
1319.65
1329.42
1319.65
1314.76
1314.76
1309.87
1319.65
1309.87
1319.65
1314.76
1324.54
1324.54
1329.42
1339.20
1334.31
1348.97
1344.09
1353.86
1358.75
1363.64
1363.64
1368.52
1378.30
1363.64
1373.41
1363.64
1368.52
1363.64
1358.75
1363.64
1358.75
1402.74
1397.85
1402.74
1388.07
1388.07
1383.19
1368.52
1373.41
1358.75
1363.64
1353.86
1358.75
1358.75
1348.97
1358.75
1353.86
1363.64
1358.75
1368.52
1363.64
1368.52
1373.41
1373.41
1388.07
1383.19
1397.85
1388.07
1397.85
1392.96
1388.07
1378.30
1329.42
1329.42
1309.87
1314.76
1304.99
1300.10
1295.21
1285.43
1290.32
1280.55
1285.43
1275.66
1275.66
1280.55
1270.77
1280.55
1275.66
1290.32
1280.55
1290.32
1290.32
1295.21
1300.10
1304.99
1314.76
1304.99
1319.65
1314.76
1319.65
1319.65
1319.65
1329.42
1314.76
1319.65
1314.76
1334.31
1344.09
1348.97
1363.64
1353.86
1363.64
1348.97
1358.75
1339.20
1339.20
1339.20
1319.65
1348.97
1329.42
1353.86
1344.09
1358.75
1353.86
1358.75
1358.75
1353.86
1363.64
1348.97
1363.64
1348.97
1348.97
1348.97
1329.42
1348.97
1319.65
1348.97
1329.42
1339.20
1324.54
1319.65
1339.20
1314.76
1319.65
1280.55
1285.43
1265.88
1261.00
1265.88
1256.11
1270.77
1251.22
1261.00
1251.22
1256.11
1251.22
1261.00
1261.00
1256.11
1270.77
1251.22
1280.55
1280.55
1300.10
1319.65
1314.76
1334.31
1324.54
1334.31
1324.54
1334.31
1329.42
1324.54
1329.42
1324.54
1329.42
1319.65
1329.42
1319.65
1319.65
1314.76
1300.10
1314.76
1295.21
1309.87
1285.43
1290.32
1270.77
1265.88
1270.77
1251.22
1275.66
1251.22
1265.88
1251.22
1261.00
1256.11
1251.22
1261.00
1251.22
1256.11
1251.22
1256.11
1251.22
1251.22
1251.22
1246.33
1256.11
1246.33
1285.43
1290.32
1304.99
1314.76
1319.65
1324.54
1314.76
1324.54
1309.87
1314.76
1314.76
1314.76
1319.65
1314.76
1319.65
1309.87
1319.65
1309.87
1309.87
1309.87
1295.21
1309.87
1275.66
1295.21
1270.77
1285.43
1280.55
1275.66
1290.32
1270.77
1295.21
1270.77
1290.32
1270.77
1280.55
1285.43
1270.77
1285.43
1261.00
1275.66
1251.22
1270.77
1261.00
1256.11
1265.88
1251.22
1270.77
1246.33
1265.88
1251.22
1270.77
1265.88
1261.00
1275.66
1251.22
1280.55
1256.11
1270.77
1261.00
1256.11
1270.77
1251.22
1270.77
1241.45
1265.88
1251.22
1261.00
1261.00
1251.22
1270.77
1251.22
1275.66
1251.22
1261.00
1251.22
1251.22
1261.00
1241.45
1261.00
1246.33
1270.77
1251.22
1251.22
1241.45
1236.56
1241.45
1226.78
1251.22
1231.67
1251.22
1241.45
1246.33
1261.00
1241.45
1270.77
1241.45
1261.00
1246.33
1256.11
1261.00
1246.33
1265.88
1241.45
1265.88
1241.45
1251.22
1241.45
1231.67
1236.56
1226.78
1241.45
1226.78
1241.45
1231.67
1241.45
1246.33
1241.45
1265.88
1246.33
1275.66
1251.22
1270.77
1261.00
1251.22
1261.00
1241.45
1261.00
1236.56
1261.00
1251.22
1265.88
1275.66
1265.88
1290.32
1270.77
1295.21
1280.55
1300.10
1285.43
1290.32
1290.32
1265.88
1280.55
1246.33
1270.77
1251.22
1261.00
1261.00
1251.22
1275.66
1256.11
1290.32
1285.43
1290.32
1270.77
1265.88
1270.77
1246.33
1265.88
1231.67
1256.11
1236.56
1241.45
1241.45
1241.45
1256.11
1236.56
1265.88
1241.45
1256.11
1251.22
1251.22
1251.22
1231.67
1251.22
1226.78
1251.22
1226.78
1231.67
1221.90
1221.90
1226.78
1221.90
1246.33
1236.56
1270.77
1261.00
1270.77
1290.32
1270.77
1295.21
1270.77
1295.21
1280.55
1280.55
1290.32
1270.77
1295.21
1270.77
1290.32
1270.77
1285.43
1275.66
1270.77
1285.43
1265.88
1285.43
1261.00
1280.55
1261.00
1270.77
1265.88
1256.11
1261.00
1241.45
1256.11
1231.67
1241.45
1226.78
1231.67
1231.67
1221.90
1246.33
1221.90
1226.78
1226.78
1231.67
1231.67
1231.67
1236.56
1226.78
1236.56
1221.90
1236.56
1236.56
1241.45
1261.00
1251.22
1280.55
1256.11
1275.66
1261.00
1265.88
1261.00
1261.00
1275.66
1251.22
1275.66
1261.00
1280.55
1275.66
1270.77
1285.43
1270.77
1290.32
1256.11
1275.66
1251.22
1256.11
1251.22
1236.56
1251.22
1231.67
1261.00
1246.33
1261.00
1256.11
1261.00
1270.77
1256.11
1280.55
1251.22
1280.55
1256.11
1261.00
1265.88
1256.11
1270.77
1246.33
1270.77
1246.33
1265.88
1256.11
1261.00
1265.88
1246.33
1270.77
1251.22
1270.77
1256.11
1275.66
1285.43
1280.55
1290.32
1256.11
1280.55
1251.22
1275.66
1256.11
1261.00
1270.77
1256.11
1280.55
1256.11
1280.55
1261.00
1270.77
1265.88
1261.00
1275.66
1251.22
1280.55
1256.11
1270.77
1261.00
1261.00
1270.77
1251.22
1280.55
1251.22
1280.55
1261.00
1275.66
1270.77
1261.00
1275.66
1246.33
1275.66
1236.56
1256.11
1241.45
1241.45
1241.45
1231.67
1251.22
1221.90
1251.22
1236.56
1251.22
1251.22
1246.33
1265.88
1241.45
1265.88
1241.45
1261.00
1241.45
1251.22
1251.22
1236.56
1265.88
1241.45
1261.00
1251.22
1256.11
1256.11
1246.33
1265.88
1241.45
1270.77
1246.33
1261.00
1251.22
1251.22
1265.88
1261.00
1285.43
1256.11
1280.55
1261.00
1265.88
1261.00
1251.22
1265.88
1241.45
1261.00
1236.56
1256.11
1246.33
1241.45
1256.11
1236.56
1261.00
1236.56
1270.77
1246.33
1251.22
1251.22
1246.33
1261.00
1246.33
1265.88
1241.45
1261.00
1251.22
1251.22
1261.00
1251.22
1270.77
1241.45
1261.00
1251.22
1256.11
1256.11
1246.33
1270.77
1246.33
1265.88
1246.33
1261.00
1256.11
1251.22
1261.00
1246.33
1270.77
1241.45
1265.88
1251.22
1256.11
1256.11
1246.33
1265.88
1246.33
1265.88
1241.45
1256.11
1251.22
1251.22
1261.00
1241.45
1265.88
1241.45
1265.88
1246.33
1256.11
1256.11
1251.22
1261.00
1241.45
1261.00
1246.33
1261.00
1251.22
1261.00
1275.66
1256.11
1270.77
1241.45
1261.00
1241.45
1251.22
1251.22
1241.45
1261.00
1241.45
1261.00
1241.45
1256.11
1246.33
1246.33
1256.11
1236.56
1261.00
1241.45
1261.00
1241.45
1251.22
1251.22
1241.45
1261.00
1236.56
1261.00
1241.45
1261.00
1251.22
1246.33
1251.22
1241.45
1261.00
1236.56
1256.11
1241.45
1251.22
1246.33
1241.45
1256.11
1231.67
1261.00
1236.56
1256.11
1241.45
1251.22
1261.00
1241.45
1261.00
1236.56
1261.00
1241.45
1256.11
1251.22
1251.22
1261.00
1236.56
1261.00
1236.56
1256.11
1241.45
1241.45
1246.33
1236.56
1256.11
1236.56
1261.00
1241.45
1251.22
1251.22
1241.45
1261.00
1236.56
1261.00
1231.67
1256.11
1241.45
1246.33
1251.22
1236.56
1261.00
1246.33
1275.66
1251.22
1251.22
1241.45
1231.67
1251.22
1221.90
1251.22
1226.78
1251.22
1241.45
1241.45
1251.22
1236.56
1256.11
1231.67
1251.22
1231.67
1246.33
1241.45
1241.45
1251.22
1236.56
1261.00
1231.67
1256.11
1241.45
1246.33
1251.22
1241.45
1256.11
1231.67
1251.22
1231.67
1241.45
1241.45
1241.45
1251.22
1226.78
1251.22
1231.67
1246.33
1236.56
1241.45
1246.33
1236.56
1251.22
1231.67
1251.22
1231.67
1241.45
1231.67
1231.67
1251.22
1226.78
1246.33
1221.90
1246.33
1231.67
1241.45
1246.33
1236.56
1256.11
1231.67
1256.11
1231.67
1251.22
1241.45
1241.45
1256.11
1231.67
1256.11
1231.67
1251.22
1231.67
1241.45
1246.33
1231.67
1251.22
1221.90
1246.33
1231.67
1246.33
1246.33
1256.11
1265.88
1241.45
1256.11
1231.67
1251.22
1236.56
1241.45
1251.22
1236.56
1251.22
1231.67
1251.22
1231.67
1251.22
1246.33
1241.45
1251.22
1231.67
1251.22
1231.67
1251.22
1236.56
1246.33
1251.22
1231.67
1256.11
1231.67
1261.00
1231.67
1256.11
1241.45
1241.45
1251.22
1231.67
1251.22
1226.78
1246.33
1231.67
1231.67
1236.56
1226.78
1246.33
1221.90
1246.33
1226.78
1241.45
1236.56
1231.67
1241.45
1226.78
1251.22
1221.90
1251.22
1226.78
1241.45
1241.45
1231.67
1251.22
1226.78
1251.22
1226.78
1246.33
1236.56
1236.56
1246.33
1226.78
1251.22
1226.78
1246.33
1231.67
1241.45
1241.45
1231.67
1251.22
1221.90
1251.22
1231.67
1246.33
1236.56
1231.67
1246.33
1226.78
1256.11
1236.56
1270.77
1256.11
1256.11
1246.33
1236.56
1251.22
1231.67
1246.33
1221.90
1236.56
1231.67
1226.78
1241.45
1226.78
1251.22
1221.90
1246.33
1231.67
1241.45
1241.45
1236.56
1256.11
1231.67
1256.11
1236.56
1246.33
1236.56
1236.56
1251.22
1226.78
1246.33
1221.90
1246.33
1231.67
1231.67
1231.67
1221.90
1241.45
1221.90
1251.22
1221.90
1236.56
1231.67
1236.56
1241.45
1226.78
1251.22
1221.90
1241.45
1231.67
1241.45
1241.45
1226.78
1246.33
1226.78
1246.33
1221.90
1236.56
1231.67
1231.67
1246.33
1221.90
1246.33
1221.90
1241.45
1231.67
1241.45
1241.45
1231.67
1251.22
1226.78
1251.22
1231.67
1241.45
1231.67
1236.56
1241.45
1231.67
1251.22
1221.90
1246.33
1236.56
1251.22
1241.45
1226.78
1241.45
1217.01
1241.45
1217.01
1236.56
1231.67
1226.78
1241.45
1221.90
1241.45
1221.90
1241.45
1226.78
1236.56
1236.56
1231.67
1241.45
1217.01
1241.45
1226.78
1236.56
1231.67
1231.67
1236.56
1221.90
1246.33
1221.90
1241.45
1221.90
1236.56
1231.67
1226.78
1246.33
1221.90
1246.33
1221.90
1241.45
1231.67
1226.78
1241.45
1221.90
1241.45
1217.01
1236.56
1217.01
1231.67
1221.90
1217.01
1236.56
1212.12
1236.56
1212.12
1226.78
1217.01
1221.90
1226.78
1207.23
1231.67
1207.23
1231.67
1212.12
1221.90
1217.01
1202.35
1226.78
1202.35
1226.78
1212.12
1231.67
1217.01
1212.12
1212.12
1197.46
1221.90
1192.57
1221.90
1197.46
1217.01
1207.23
1197.46
1221.90
1192.57
1217.01
1187.68
1202.35
1197.46
1192.57
1202.35
1182.80
1202.35
1173.02
1192.57
1173.02
1187.68
1177.91
1168.13
1187.68
1153.47
1177.91
1153.47
1168.13
1153.47
1158.36
1158.36
1143.69
1168.13
1143.69
1163.25
1148.58
1158.36
1153.47
1148.58
1163.25
1138.81
1163.25
1138.81
1153.47
1148.58
1148.58
1153.47
1138.81
1163.25
1133.92
1158.36
1138.81
1153.47
1148.58
1143.69
1158.36
1133.92
1163.25
1129.03
1153.47
1138.81
1143.69
1148.58
1143.69
1173.02
1143.69
1158.36
1133.92
1148.58
1143.69
1133.92
1153.47
1133.92
1163.25
1133.92
1153.47
1138.81
1143.69
1153.47
1138.81
1158.36
1133.92
1158.36
1143.69
1153.47
1148.58
1148.58
1158.36
1143.69
1168.13
1143.69
1163.25
1148.58
1153.47
1163.25
1143.69
1163.25
1143.69
1158.36
1143.69
1153.47
1153.47
1143.69
1163.25
1138.81
1168.13
1143.69
1158.36
1148.58
1158.36
1158.36
1148.58
1168.13
1148.58
1173.02
1148.58
1168.13
1163.25
1153.47
1173.02
1153.47
1173.02
1153.47
1173.02
1158.36
1168.13
1173.02
1153.47
1177.91
1148.58
1177.91
1153.47
1173.02
1163.25
1163.25
1187.68
1173.02
1202.35
1168.13
1182.80
1168.13
1173.02
1177.91
1168.13
1192.57
1163.25
1192.57
1163.25
1182.80
1182.80
1173.02
1187.68
1168.13
1197.46
1173.02
1197.46
1177.91
1187.68
1197.46
1187.68
1202.35
1182.80
1207.23
1187.68
1197.46
1192.57
1192.57
1202.35
1182.80
1202.35
1173.02
1197.46
1182.80
1182.80
1187.68
1173.02
1192.57
1168.13
1192.57
1173.02
1187.68
1187.68
1187.68
1207.23
1192.57
1221.90
1197.46
1221.90
1212.12
1217.01
1221.90
1207.23
1231.67
1202.35
1231.67
1202.35
1212.12
1207.23
1207.23
1217.01
1197.46
1221.90
1192.57
1217.01
1202.35
1212.12
1217.01
1197.46
1221.90
1192.57
1217.01
1192.57
1217.01
1217.01
1212.12
1217.01
1187.68
1212.12
1187.68
1202.35
1187.68
1202.35
1202.35
1187.68
1212.12
1187.68
1212.12
1192.57
1212.12
1202.35
1212.12
1221.90
1202.35
1221.90
1197.46
1221.90
1202.35
1207.23
1207.23
1192.57
1212.12
1187.68
1217.01
1197.46
1212.12
1207.23
1212.12
1226.78
1207.23
1231.67
1207.23
1231.67
1212.12
1221.90
1221.90
1212.12
1226.78
1207.23
1231.67
1212.12
1226.78
1221.90
1221.90
1231.67
1217.01
1241.45
1212.12
1236.56
1221.90
1231.67
1231.67
1217.01
1236.56
1207.23
1231.67
1207.23
1221.90
1217.01
1212.12
1226.78
1207.23
1231.67
1212.12
1236.56
1221.90
1231.67
1231.67
1217.01
1241.45
1217.01
1241.45
1217.01
1236.56
1221.90
1226.78
1231.67
1226.78
1256.11
1226.78
1241.45
1221.90
1226.78
1226.78
1217.01
1231.67
1212.12
1231.67
1212.12
1231.67
1221.90
1226.78
1231.67
1217.01
1241.45
1217.01
1236.56
1221.90
1236.56
1231.67
1221.90
1241.45
1217.01
1246.33
1217.01
1241.45
1226.78
1226.78
1231.67
1217.01
1241.45
1212.12
1241.45
1221.90
1231.67
1231.67
1221.90
1241.45
1221.90
1241.45
1221.90
1241.45
1226.78
1231.67
1236.56
1221.90
1241.45
1221.90
1241.45
1221.90
1231.67
1231.67
1226.78
1241.45
1217.01
1241.45
1217.01
1241.45
1226.78
1226.78
1236.56
1221.90
1246.33
1221.90
1241.45
1221.90
1231.67
1231.67
1226.78
1241.45
1221.90
1251.22
1221.90
1241.45
1231.67
1231.67
1236.56
1221.90
1241.45
1217.01
1246.33
1226.78
1241.45
1251.22
1241.45
1256.11
1231.67
1251.22
1221.90
1241.45
1231.67
1231.67
1241.45
1226.78
1246.33
1221.90
1246.33
1221.90
1236.56
1231.67
1231.67
1241.45
1221.90
1246.33
1226.78
1246.33
1231.67
1241.45
1241.45
1226.78
1251.22
1226.78
1251.22
1226.78
1241.45
1236.56
1231.67
1246.33
1221.90
1241.45
1217.01
1236.56
1226.78
1231.67
1231.67
1221.90
1241.45
1221.90
1246.33
1221.90
1236.56
1231.67
1231.67
1241.45
1221.90
1251.22
1226.78
1246.33
1231.67
1241.45
1241.45
1226.78
1246.33
1221.90
1251.22
1226.78
1236.56
1231.67
1231.67
1246.33
1226.78
1256.11
1226.78
1241.45
1231.67
1241.45
1236.56
1226.78
1246.33
1221.90
1251.22
1221.90
1236.56
1231.67
1231.67
1251.22
1241.45
1251.22
1212.12
1236.56
1217.01
1226.78
1236.56
1217.01
1236.56
1217.01
1246.33
1221.90
1241.45
1236.56
1231.67
1246.33
1226.78
1251.22
1221.90
1246.33
1231.67
1236.56
1246.33
1226.78
1246.33
1221.90
1241.45
1221.90
1241.45
1231.67
1226.78
1236.56
1221.90
1241.45
1221.90
1241.45
1226.78
1231.67
1241.45
1231.67
1251.22
1221.90
1256.11
1231.67
1251.22
1246.33
1246.33
1261.00
1241.45
1270.77
1251.22
1270.77
1256.11
1265.88
1270.77
1256.11
1275.66
1256.11
1275.66
1256.11
1270.77
1270.77
1265.88
1275.66
1261.00
1275.66
1251.22
1275.66
1261.00
1270.77
1270.77
1256.11
1280.55
1261.00
1285.43
1270.77
1290.32
1270.77
1261.00
1270.77
1251.22
1275.66
1251.22
1270.77
1256.11
1265.88
1265.88
1261.00
1275.66
1251.22
1275.66
1261.00
1280.55
1275.66
1270.77
1290.32
1265.88
1290.32
1265.88
1290.32
1280.55
1285.43
1285.43
1275.66
1295.21
1270.77
1295.21
1270.77
1290.32
1280.55
1275.66
1285.43
1265.88
1285.43
1265.88
1290.32
1275.66
1280.55
1280.55
1275.66
1295.21
1270.77
1290.32
1270.77
1290.32
1275.66
1275.66
1290.32
1270.77
1295.21
1270.77
1290.32
1270.77
1280.55
1285.43
1270.77
1295.21
1270.77
1300.10
1275.66
1290.32
1285.43
1285.43
1290.32
1270.77
1290.32
1265.88
1290.32
1270.77
1280.55
1280.55
1270.77
1290.32
1265.88
1295.21
1285.43
1300.10
1280.55
1275.66
1280.55
1261.00
1285.43
1261.00
1280.55
1265.88
1275.66
1275.66
1261.00
1280.55
1256.11
1285.43
1256.11
1270.77
1265.88
1261.00
1270.77
1256.11
1275.66
1251.22
1280.55
1261.00
1270.77
1270.77
1261.00
1275.66
1261.00
1280.55
1256.11
1270.77
1261.00
1270.77
1270.77
1256.11
1270.77
1256.11
1275.66
1261.00
1270.77
1270.77
1261.00
1280.55
1261.00
1285.43
1261.00
1280.55
1270.77
1270.77
1280.55
1261.00
1285.43
1261.00
1280.55
1261.00
1270.77
1270.77
1270.77
1280.55
1261.00
1280.55
1256.11
1270.77
1265.88
1265.88
1270.77
1261.00
1275.66
1261.00
1270.77
1256.11
1270.77
1265.88
1261.00
1275.66
1261.00
1275.66
1256.11
1275.66
1261.00
1265.88
1270.77
1256.11
1275.66
1256.11
1280.55
1270.77
1290.32
1280.55
1265.88
1275.66
1251.22
1270.77
1251.22
1265.88
1256.11
1256.11
1265.88
1251.22
1270.77
1251.22
1270.77
1251.22
1265.88
1261.00
1256.11
1270.77
1251.22
1275.66
1256.11
1275.66
1261.00
1261.00
1265.88
1256.11
1270.77
1251.22
1270.77
1256.11
1261.00
1256.11
1251.22
1261.00
1246.33
1265.88
1246.33
1261.00
1251.22
1246.33
1251.22
1246.33
1265.88
1241.45
1265.88
1246.33
1261.00
1256.11
1251.22
1261.00
1241.45
1261.00
1246.33
1261.00
1251.22
1256.11
1256.11
1246.33
1265.88
1246.33
1270.77
1251.22
1265.88
1261.00
1256.11
1270.77
1251.22
1270.77
1251.22
1265.88
1261.00
1261.00
1261.00
1251.22
1270.77
1251.22
1265.88
1246.33
1261.00
1251.22
1251.22
1261.00
1246.33
1261.00
1241.45
1261.00
1246.33
1251.22
1256.11
1256.11
1275.66
1246.33
1261.00
1241.45
1251.22
1246.33
1246.33
1251.22
1241.45
1256.11
1241.45
1261.00
1241.45
1251.22
1251.22
1246.33
1261.00
1241.45
1261.00
1246.33
1261.00
1251.22
1246.33
1261.00
1246.33
1265.88
1246.33
1256.11
1246.33
1251.22
1256.11
1241.45
1256.11
1241.45
1256.11
1236.56
1246.33
1246.33
1246.33
1251.22
1236.56
1261.00
1236.56
1261.00
1241.45
1246.33
1251.22
1241.45
1256.11
1236.56
1261.00
1241.45
1251.22
1246.33
1241.45
1251.22
1236.56
1251.22
1236.56
1256.11
1241.45
1251.22
1251.22
1241.45
1256.11
1241.45
1256.11
1241.45
1251.22
1251.22
1246.33
1251.22
1236.56
1256.11
1231.67
1251.22
1236.56
1246.33
1246.33
1236.56
1261.00
1246.33
1261.00
1236.56
1246.33
1236.56
1231.67
1241.45
1231.67
1246.33
1226.78
1241.45
1231.67
1241.45
1246.33
1236.56
1246.33
1231.67
1251.22
1236.56
1246.33
1236.56
1241.45
1251.22
1231.67
1251.22
1231.67
1251.22
1241.45
1241.45
1241.45
1236.56
1246.33
1231.67
1246.33
1231.67
1241.45
1231.67
1231.67
1241.45
1226.78
1241.45
1226.78
1241.45
1226.78
1231.67
1231.67
1226.78
1236.56
1221.90
1241.45
1226.78
1241.45
1226.78
1231.67
1241.45
1221.90
1241.45
1221.90
1236.56
1221.90
1231.67
1231.67
1221.90
1241.45
1221.90
1236.56
1217.01
1236.56
1226.78
1231.67
1236.56
1217.01
1241.45
1221.90
1241.45
1221.90
1231.67
1231.67
1221.90
1231.67
1217.01
1236.56
1221.90
1246.33
1246.33
1251.22
1251.22
1231.67
1246.33
1231.67
1246.33
1231.67
1241.45
1241.45
1236.56
1251.22
1231.67
1251.22
1231.67
1251.22
1241.45
1241.45
1251.22
1236.56
1251.22
1231.67
1251.22
1236.56
1246.33
1241.45
1241.45
1251.22
1231.67
1256.11
1231.67
1246.33
1236.56
1241.45
1251.22
1231.67
1251.22
1231.67
1251.22
1231.67
1246.33
1241.45
1236.56
1251.22
1231.67
1251.22
1236.56
1246.33
1236.56
1241.45
1246.33
1236.56
1251.22
1226.78
1246.33
1231.67
1241.45
1236.56
1236.56
1241.45
1226.78
1246.33
1226.78
1241.45
1241.45
1231.67
1241.45
1226.78
1241.45
1226.78
1241.45
1226.78
1241.45
1231.67
1231.67
1241.45
1226.78
1241.45
1221.90
1231.67
1226.78
1231.67
1236.56
1221.90
1241.45
1221.90
1246.33
1236.56
1241.45
1226.78
1221.90
1226.78
1212.12
1231.67
1207.23
1226.78
1212.12
1217.01
1221.90
1207.23
1226.78
1207.23
1226.78
1212.12
1221.90
1217.01
1217.01
1221.90
1207.23
1231.67
1212.12
1226.78
1217.01
1221.90
1226.78
1212.12
1231.67
1207.23
1231.67
1212.12
1221.90
1217.01
1212.12
1226.78
1207.23
1226.78
1202.35
1221.90
1207.23
1212.12
1212.12
1202.35
1217.01
1202.35
1221.90
1202.35
1212.12
1212.12
1207.23
1217.01
1192.57
1221.90
1202.35
1217.01
1202.35
1212.12
1212.12
1202.35
1217.01
1192.57
1212.12
1192.57
1207.23
1202.35
1197.46
1212.12
1192.57
1212.12
1192.57
1212.12
1202.35
1197.46
1207.23
1197.46
1212.12
1187.68
1207.23
1192.57
1202.35
1202.35
1192.57
1212.12
1192.57
1221.90
1212.12
1217.01
1197.46
1197.46
1202.35
1197.46
1212.12
1192.57
1212.12
1192.57
1207.23
1202.35
1202.35
1212.12
1192.57
1212.12
1192.57
1207.23
1202.35
1207.23
1207.23
1202.35
1217.01
1192.57
1217.01
1192.57
1212.12
1202.35
1197.46
1212.12
1192.57
1212.12
1192.57
1207.23
1197.46
1202.35
1207.23
1192.57
1212.12
1192.57
1212.12
1192.57
1207.23
1197.46
1197.46
1212.12
1192.57
1217.01
1197.46
1212.12
1202.35
1207.23
1207.23
1197.46
1212.12
1197.46
1217.01
1202.35
1212.12
1207.23
1207.23
1212.12
1197.46
1217.01
1197.46
1217.01
1202.35
1212.12
1212.12
1202.35
1217.01
1192.57
1217.01
1192.57
1212.12
1202.35
1202.35
1217.01
1202.35
1226.78
1212.12
1221.90
1202.35
1207.23
1207.23
1197.46
1212.12
1192.57
1212.12
1192.57
1207.23
1202.35
1202.35
1212.12
1192.57
1217.01
1197.46
1217.01
1202.35
1212.12
1212.12
1202.35
1221.90
1202.35
1221.90
1197.46
1217.01
1207.23
1207.23
1221.90
1202.35
1221.90
1202.35
1217.01
1202.35
1212.12
1207.23
1202.35
1217.01
1197.46
1217.01
1192.57
1212.12
1212.12
1202.35
1212.12
1197.46
1212.12
1197.46
1212.12
1202.35
1212.12
1212.12
1197.46
1217.01
1197.46
1221.90
1202.35
1212.12
1207.23
1212.12
1217.01
1202.35
1221.90
1202.35
1221.90
1202.35
1212.12
1217.01
1207.23
1221.90
1202.35
1221.90
1202.35
1217.01
1207.23
1212.12
1217.01
1202.35
1221.90
1202.35
1226.78
1217.01
1226.78
1221.90
1202.35
1217.01
1197.46
1217.01
1192.57
1212.12
1202.35
1202.35
1212.12
1202.35
1217.01
1197.46
1212.12
1197.46
1212.12
1207.23
1202.35
1217.01
1197.46
1221.90
1202.35
1217.01
1207.23
1212.12
1217.01
1202.35
1221.90
1202.35
1217.01
1202.35
1207.23
1212.12
1197.46
1212.12
1192.57
1217.01
1192.57
1207.23
1197.46
1202.35
1207.23
1187.68
1207.23
1187.68
1207.23
1187.68
1197.46
1192.57
1192.57
1202.35
1182.80
1202.35
1182.80
1197.46
1182.80
1187.68
1192.57
1182.80
1197.46
1173.02
1192.57
1182.80
1187.68
1187.68
1182.80
1197.46
1182.80
1202.35
1182.80
1202.35
1192.57
1197.46
1197.46
1187.68
1207.23
1182.80
1212.12
1192.57
1207.23
1202.35
1197.46
1212.12
1192.57
1212.12
1202.35
1226.78
1207.23
1202.35
1202.35
1182.80
1207.23
1187.68
1207.23
1192.57
1202.35
1202.35
1192.57
1207.23
1192.57
1212.12
1192.57
1207.23
1202.35
1202.35
1207.23
1197.46
1212.12
1192.57
1217.01
1197.46
1207.23
1202.35
1202.35
1221.90
1197.46
1221.90
1192.57
1212.12
1202.35
1202.35
1207.23
1197.46
1212.12
1192.57
1217.01
1197.46
1212.12
1207.23
1202.35
1217.01
1202.35
1217.01
1202.35
1212.12
1207.23
1212.12
1212.12
1202.35
1217.01
1197.46
1217.01
1197.46
1217.01
1207.23
1207.23
1217.01
1202.35
1221.90
1202.35
1217.01
1207.23
1207.23
1212.12
1202.35
1221.90
1202.35
1221.90
1207.23
1217.01
1212.12
1207.23
1217.01
1202.35
1217.01
1197.46
1217.01
1202.35
1212.12
1221.90
1212.12
1221.90
1192.57
1217.01
1197.46
1212.12
1202.35
1202.35
1212.12
1192.57
1217.01
1192.57
1212.12
1197.46
1202.35
1212.12
1197.46
1212.12
1192.57
1217.01
1197.46
1217.01
1207.23
1202.35
1217.01
1202.35
1221.90
1202.35
1221.90
1202.35
1212.12
1212.12
1197.46
1217.01
1197.46
1217.01
1197.46
1207.23
1202.35
1202.35
1217.01
1192.57
1221.90
1202.35
1217.01
1207.23
1207.23
1217.01
1202.35
1221.90
1202.35
1221.90
1202.35
1212.12
1212.12
1207.23
1217.01
1202.35
1221.90
1202.35
1217.01
1212.12
1212.12
1217.01
1207.23
1221.90
1202.35
1226.78
1207.23
1221.90
1217.01
1212.12
1221.90
1207.23
1231.67
1207.23
1221.90
1212.12
1212.12
1217.01
1207.23
1221.90
1202.35
1226.78
1212.12
1231.67
1221.90
1221.90
1221.90
1202.35
1221.90
1197.46
1221.90
1207.23
1217.01
1212.12
1202.35
1217.01
1202.35
1226.78
1207.23
1212.12
1212.12
1217.01
1221.90
1202.35
1226.78
1207.23
1221.90
1212.12
1221.90
1221.90
1212.12
1226.78
1207.23
1221.90
1212.12
1221.90
1212.12
1212.12
1221.90
1207.23
1226.78
1202.35
1221.90
1212.12
1217.01
1221.90
1212.12
1226.78
1202.35
1226.78
1202.35
1221.90
1217.01
1212.12
1221.90
1207.23
1226.78
1207.23
1226.78
1212.12
1217.01
1221.90
1212.12
1226.78
1212.12
1231.67
1207.23
1221.90
1217.01
1212.12
1226.78
1207.23
1231.67
1212.12
1226.78
1212.12
1221.90
1221.90
1217.01
1231.67
1212.12
1231.67
1212.12
1226.78
1217.01
1221.90
1231.67
1212.12
1236.56
1221.90
1246.33
1221.90
1221.90
1221.90
1212.12
1226.78
1207.23
1231.67
1207.23
1221.90
1217.01
1217.01
1221.90
1207.23
1231.67
1212.12
1231.67
1212.12
1221.90
1221.90
1217.01
1231.67
1212.12
1236.56
1212.12
1231.67
1221.90
1221.90
1231.67
1217.01
1231.67
1207.23
1226.78
1212.12
1221.90
1221.90
1212.12
1226.78
1212.12
1226.78
1207.23
1221.90
1217.01
1217.01
1226.78
1212.12
1231.67
1212.12
1231.67
1212.12
1226.78
1226.78
1217.01
1231.67
1212.12
1231.67
1212.12
1231.67
1217.01
1221.90
1231.67
1217.01
1231.67
1212.12
1231.67
1212.12
1226.78
1221.90
1221.90
1231.67
1217.01
1236.56
1217.01
1231.67
1221.90
1221.90
1226.78
1217.01
1236.56
1207.23
1231.67
1212.12
1226.78
1221.90
1221.90
1241.45
1226.78
1241.45
1212.12
1231.67
1217.01
1221.90
1221.90
1207.23
1231.67
1207.23
1226.78
1212.12
1226.78
1221.90
1217.01
1231.67
1207.23
1226.78
1212.12
1226.78
1217.01
1221.90
1226.78
1212.12
1231.67
1207.23
1231.67
1217.01
1231.67
1221.90
1212.12
1231.67
1202.35
1231.67
1207.23
1221.90
1212.12
1217.01
1221.90
1207.23
1221.90
1202.35
1226.78
1207.23
1217.01
1217.01
1212.12
1226.78
1207.23
1226.78
1202.35
1226.78
1212.12
1217.01
1221.90
1207.23
1231.67
1207.23
1226.78
1207.23
1221.90
1221.90
1212.12
1226.78
1212.12
1226.78
1207.23
1221.90
1212.12
1221.90
1221.90
1212.12
1231.67
1212.12
1231.67
1212.12
1221.90
1217.01
1212.12
1226.78
1212.12
1226.78
1202.35
1217.01
1207.23
1217.01
1226.78
1221.90
1241.45
1212.12
1226.78
1202.35
1217.01
1212.12
1207.23
1221.90
1202.35
1226.78
1207.23
1221.90
1207.23
1217.01
1212.12
1212.12
1231.67
1207.23
1231.67
1212.12
1231.67
1221.90
1212.12
1226.78
1207.23
1231.67
1212.12
1226.78
1217.01
1217.01
1221.90
1207.23
1226.78
1202.35
1221.90
1207.23
1221.90
1217.01
1207.23
1221.90
1202.35
1226.78
1202.35
1221.90
1217.01
1221.90
1221.90
1207.23
1226.78
1202.35
1221.90
1207.23
1221.90
1217.01
1207.23
1221.90
1207.23
1221.90
1202.35
1217.01
1207.23
1212.12
1217.01
1207.23
1221.90
1202.35
1226.78
1202.35
1221.90
1212.12
1207.23
1221.90
1197.46
1221.90
1197.46
1221.90
1207.23
1212.12
1217.01
1207.23
1221.90
1197.46
1217.01
1202.35
1212.12
1212.12
1207.23
1221.90
1221.90
1231.67
1212.12
1221.90
1202.35
1207.23
1212.12
1202.35
1217.01
1197.46
1217.01
1202.35
1217.01
1212.12
1207.23
1221.90
1212.12
1226.78
1202.35
1217.01
1212.12
1217.01
1221.90
1212.12
1231.67
1212.12
1231.67
1212.12
1217.01
1217.01
1217.01
1221.90
1202.35
1221.90
1202.35
1217.01
1197.46
1202.35
1202.35
1192.57
1202.35
1182.80
1202.35
1182.80
1192.57
1187.68
1182.80
1192.57
1177.91
1192.57
1177.91
1197.46
1182.80
1192.57
1202.35
1187.68
1197.46
1182.80
1202.35
1182.80
1202.35
1197.46
1197.46
1207.23
1197.46
1207.23
1187.68
1207.23
1192.57
1197.46
1202.35
1192.57
1207.23
1192.57
1207.23
1187.68
1202.35
1192.57
1192.57
1197.46
1187.68
1202.35
1182.80
1197.46
1182.80
1187.68
1192.57
1182.80
1197.46
1173.02
1192.57
1173.02
1197.46
1192.57
1192.57
1192.57
1173.02
1187.68
1163.25
1177.91
1163.25
1173.02
1173.02
1163.25
1182.80
1163.25
1187.68
1163.25
1182.80
1173.02
1173.02
1187.68
1173.02
1192.57
1168.13
1192.57
1173.02
1182.80
1182.80
1177.91
1192.57
1173.02
1192.57
1173.02
1187.68
1177.91
1177.91
1187.68
1168.13
1187.68
1163.25
1187.68
1168.13
1177.91
1173.02
1168.13
1182.80
1163.25
1182.80
1168.13
1177.91
1168.13
1173.02
1177.91
1163.25
1182.80
1163.25
1182.80
1173.02
1177.91
1177.91
1173.02
1187.68
1168.13
1187.68
1163.25
1182.80
1177.91
1173.02
1182.80
1163.25
1182.80
1163.25
1182.80
1168.13
1177.91
1182.80
1177.91
1192.57
1173.02
1187.68
1168.13
1187.68
1173.02
1177.91
1187.68
1173.02
1192.57
1173.02
1192.57
1177.91
1197.46
1202.35
1182.80
1192.57
1168.13
1187.68
1173.02
1187.68
1182.80
1182.80
1192.57
1177.91
1192.57
1173.02
1192.57
1177.91
1187.68
1182.80
1177.91
1197.46
1173.02
1197.46
1182.80
1197.46
1192.57
1192.57
1202.35
1187.68
1207.23
1182.80
1202.35
1182.80
1197.46
1192.57
1192.57
1202.35
1182.80
1202.35
1182.80
1197.46
1192.57
1197.46
1207.23
1192.57
1212.12
1192.57
1207.23
1192.57
1207.23
1202.35
1197.46
1212.12
1192.57
1212.12
1192.57
1212.12
1202.35
1202.35
1207.23
1192.57
1207.23
1187.68
1202.35
1187.68
1197.46
1197.46
1192.57
1207.23
1187.68
1212.12
1187.68
1207.23
1192.57
1192.57
1207.23
1192.57
1207.23
1192.57
1212.12
1202.35
1217.01
1221.90
1207.23
1217.01
1192.57
1212.12
1187.68
1207.23
1192.57
1202.35
1207.23
1192.57
1212.12
1192.57
1217.01
1197.46
1207.23
1202.35
1202.35
1212.12
1192.57
1217.01
1192.57
1212.12
1202.35
1207.23
1212.12
1197.46
1217.01
1197.46
1217.01
1197.46
1212.12
1202.35
1202.35
1212.12
1192.57
1212.12
1192.57
1212.12
1197.46
1202.35
1207.23
1192.57
1212.12
1197.46
1217.01
1197.46
1212.12
1212.12
1207.23
1217.01
1202.35
1217.01
1192.57
1217.01
1202.35
1202.35
1207.23
1192.57
1212.12
1192.57
1212.12
1197.46
1207.23
1207.23
1202.35
1212.12
1192.57
1217.01
1192.57
1212.12
1192.57
1202.35
1207.23
1192.57
1212.12
1182.80
1212.12
1192.57
1207.23
1212.12
1212.12
1221.90
1197.46
1207.23
1192.57
1202.35
1192.57
1192.57
1202.35
1192.57
1212.12
1192.57
1212.12
1192.57
1207.23
1202.35
1202.35
1212.12
1192.57
1217.01
1197.46
1221.90
1202.35
1207.23
1217.01
1202.35
1221.90
1197.46
1221.90
1202.35
1217.01
1207.23
1207.23
1217.01
1197.46
1221.90
1197.46
1217.01
1202.35
1212.12
1212.12
1202.35
1217.01
1197.46
1221.90
1202.35
1217.01
1212.12
1207.23
1221.90
1202.35
1221.90
1207.23
1221.90
1207.23
1212.12
1217.01
1207.23
1226.78
1207.23
1226.78
1207.23
1226.78
1217.01
1212.12
